<!DOCTYPE HTML>
<html>
  <head>
    <meta charset="UTF-8">
    <title>TOMTOM</title>
    <script>
      // @JSON_VAR data
      var data = {
        "program": "Tomtom",
        "version": "4.11.3",
        "release": "Sat Mar 11 20:16:08 2017 -0800",
        "cmd": [
          "tomtom", "-oc", "./hocomoco_jaspar_mouse", "hocomoco.mouse.meme",
          "jaspar.mouse.meme"
        ],
        "options": {
          "strands": "both",
          "distance_measure": "ed",
          "threshold_type": "qvalue",
          "threshold_value": 0.5,
          "background_source": "first_target"
        },
        "alphabet": {
          "name": "DNA",
          "like": "dna",
          "ncore": 4,
          "symbols": [
            {
              "symbol": "A",
              "name": "Adenine",
              "colour": "CC0000",
              "complement": "T"
            }, {
              "symbol": "C",
              "name": "Cytosine",
              "colour": "0000CC",
              "complement": "G"
            }, {
              "symbol": "G",
              "name": "Guanine",
              "colour": "FFB300",
              "complement": "C"
            }, {
              "symbol": "T",
              "aliases": "U",
              "name": "Thymine",
              "colour": "008000",
              "complement": "A"
            }, {
              "symbol": "N",
              "aliases": "X.",
              "name": "Any base",
              "equals": "ACGT"
            }, {
              "symbol": "V",
              "name": "Not T",
              "equals": "ACG"
            }, {
              "symbol": "H",
              "name": "Not G",
              "equals": "ACT"
            }, {
              "symbol": "D",
              "name": "Not C",
              "equals": "AGT"
            }, {
              "symbol": "B",
              "name": "Not A",
              "equals": "CGT"
            }, {
              "symbol": "M",
              "name": "Amino",
              "equals": "AC"
            }, {
              "symbol": "R",
              "name": "Purine",
              "equals": "AG"
            }, {
              "symbol": "W",
              "name": "Weak",
              "equals": "AT"
            }, {
              "symbol": "S",
              "name": "Strong",
              "equals": "CG"
            }, {
              "symbol": "Y",
              "name": "Pyrimidine",
              "equals": "CT"
            }, {
              "symbol": "K",
              "name": "Keto",
              "equals": "GT"
            }
          ]
        },
        "background": [0.25, 0.25, 0.25, 0.25],
        "query_dbs": [
          {
            "source": "hocomoco.mouse.meme",
            "name": "hocomoco.mouse",
            "loaded": 426,
            "excluded": 0,
            "last_modified": "Fri Jun 16 15:25:30 2017"
          }
        ],
        "target_dbs": [
          {
            "source": "jaspar.mouse.meme",
            "name": "jaspar.mouse",
            "loaded": 165,
            "excluded": 0,
            "last_modified": "Fri Jun 16 15:24:50 2017"
          }
        ],
        "queries": [
          {
            "db": 0,
            "id": "Mmusculus-HOCOMOCOv10-AHR_MOUSE.H10MO.B",
            "len": 9,
            "nsites": 45,
            "evalue": "8.1e-020",
            "pwm": [
              [0.266198, 0.117178, 0.363384, 0.25324], 
              [0.0718245, 0.0783036, 0.227323, 0.622549], 
              [0.143095, 0.285635, 0.136616, 0.434655], 
              [0.0199916, 0.00703343, 0.946504, 0.0264708], 
              [0.00703343, 0.972421, 0.00703343, 0.0135125], 
              [0.0199916, 0.00703343, 0.965941, 0.00703343], 
              [0.000554324, 0.0199916, 0.00703343, 0.972421], 
              [0.000554324, 0.000554324, 0.998337, 0.000554324], 
              [0.279156, 0.434655, 0.10422, 0.181969]
            ]
          }, {
            "db": 0,
            "id": "Mmusculus-HOCOMOCOv10-AIRE_MOUSE.H10MO.C",
            "len": 18,
            "nsites": 45,
            "evalue": "8.1e-020",
            "pwm": [
              [0.389933, 0.268252, 0.122235, 0.21958], 
              [0.195244, 0.195244, 0.146571, 0.462941], 
              [0.146571, 0.146571, 0.195244, 0.511614], 
              [0.0492267, 0.000554324, 0.876656, 0.0735628], 
              [0.000554324, 0.000554324, 0.803648, 0.195244], 
              [0.316924, 0.0492267, 0.0248905, 0.608958], 
              [0.389933, 0.097899, 0.0248905, 0.487278], 
              [0.365597, 0.146571, 0.146571, 0.341261], 
              [0.341261, 0.0735628, 0.146571, 0.438605], 
              [0.511614, 0.097899, 0.146571, 0.243916], 
              [0.389933, 0.0492267, 0.0735628, 0.487278], 
              [0.21958, 0.146571, 0.0735628, 0.560286], 
              [0.000554324, 0.0248905, 0.876656, 0.097899], 
              [0.000554324, 0.000554324, 0.974001, 0.0248905], 
              [0.21958, 0.097899, 0.243916, 0.438605], 
              [0.0735628, 0.195244, 0.195244, 0.53595], 
              [0.438605, 0.0248905, 0.170907, 0.365597], 
              [0.414269, 0.268252, 0.097899, 0.21958]
            ]
          }, {
            "db": 0,
            "id": "Mmusculus-HOCOMOCOv10-ALX1_MOUSE.H10MO.B",
            "len": 12,
            "nsites": 45,
            "evalue": "8.1e-020",
            "pwm": [
              [0.451166, 0.193674, 0.258047, 0.0971139], 
              [0.0649274, 0.0971139, 0.000554324, 0.837404], 
              [0.773031, 0.0327409, 0.0971139, 0.0971139], 
              [0.869591, 0.0649274, 0.000554324, 0.0649274], 
              [0.000554324, 0.0971139, 0.000554324, 0.901777], 
              [0.0327409, 0.22586, 0.1293, 0.612099], 
              [0.483352, 0.000554324, 0.515539, 0.000554324], 
              [0.354606, 0.258047, 0.354606, 0.0327409], 
              [0.773031, 0.000554324, 0.1293, 0.0971139], 
              [0.0971139, 0.000554324, 0.0327409, 0.869591], 
              [0.0649274, 0.0327409, 0.0327409, 0.869591], 
              [0.805218, 0.0649274, 0.0649274, 0.0649274]
            ]
          }, {
            "db": 0,
            "id": "Mmusculus-HOCOMOCOv10-ANDR_MOUSE.H10MO.B",
            "len": 16,
            "nsites": 45,
            "evalue": "8.1e-020",
            "pwm": [
              [0.307564, 0.0389306, 0.560848, 0.0926573], 
              [0.0542811, 0.0312553, 0.906234, 0.00822958], 
              [0.422693, 0.000554324, 0.230812, 0.345941], 
              [0.760404, 0.00822958, 0.0926573, 0.138709], 
              [0.0159048, 0.94461, 0.0312553, 0.00822958], 
              [0.722028, 0.0389306, 0.108008, 0.131034], 
              [0.0926573, 0.269188, 0.384317, 0.253838], 
              [0.322915, 0.192436, 0.322915, 0.161735], 
              [0.391992, 0.100333, 0.307564, 0.200111], 
              [0.16941, 0.253838, 0.0542811, 0.522471], 
              [0.0159048, 0.0466058, 0.921585, 0.0159048], 
              [0.100333, 0.0235801, 0.0926573, 0.78343], 
              [0.246162, 0.0159048, 0.292214, 0.445719], 
              [0.131034, 0.79878, 0.0235801, 0.0466058], 
              [0.0849821, 0.269188, 0.0619563, 0.583873], 
              [0.246162, 0.123358, 0.192436, 0.438044]
            ]
          }, {
            "db": 0,
            "id": "Mmusculus-HOCOMOCOv10-AP2A_MOUSE.H10MO.A",
            "len": 9,
            "nsites": 45,
            "evalue": "8.1e-020",
            "pwm": [
              [0.0165809, 0.395532, 0.56045, 0.0274376], 
              [0.00727514, 0.925959, 0.050702, 0.0160639], 
              [0.013996, 0.904763, 0.0424302, 0.0388113], 
              [0.0346754, 0.217171, 0.0879249, 0.660228], 
              [0.00107131, 0.000554324, 0.901144, 0.0972307], 
              [0.425, 0.154099, 0.384158, 0.0367433], 
              [0.0755173, 0.0160639, 0.903212, 0.0052072], 
              [0.0201998, 0.0155469, 0.961631, 0.00262227], 
              [0.0656945, 0.536152, 0.36141, 0.0367433]
            ]
          }, {
            "db": 0,
            "id": "Mmusculus-HOCOMOCOv10-AP2B_MOUSE.H10MO.B",
            "len": 10,
            "nsites": 45,
            "evalue": "8.1e-020",
            "pwm": [
              [0.0361894, 0.000554324, 0.784526, 0.17873], 
              [0.000554324, 0.641986, 0.25, 0.10746], 
              [0.000554324, 0.962702, 0.000554324, 0.0361894], 
              [0.10746, 0.570716, 0.000554324, 0.32127], 
              [0.0718245, 0.0361894, 0.891432, 0.000554324], 
              [0.32127, 0.32127, 0.356905, 0.000554324], 
              [0.0718245, 0.0361894, 0.855797, 0.0361894], 
              [0.000554324, 0.000554324, 0.998337, 0.000554324], 
              [0.17873, 0.10746, 0.677621, 0.0361894], 
              [0.214365, 0.428175, 0.25, 0.10746]
            ]
          }, {
            "db": 0,
            "id": "Mmusculus-HOCOMOCOv10-AP2C_MOUSE.H10MO.A",
            "len": 9,
            "nsites": 45,
            "evalue": "8.1e-020",
            "pwm": [
              [0.00242634, 0.381821, 0.600222, 0.0155304], 
              [0.00117833, 0.981489, 0.00117833, 0.0161544], 
              [0.0161544, 0.978369, 0.00117833, 0.00429835], 
              [0.0105384, 0.2383, 0.0230185, 0.728143], 
              [0.00866638, 0.000554324, 0.884144, 0.106635], 
              [0.363101, 0.206476, 0.393053, 0.0373706], 
              [0.197116, 0.00117833, 0.800528, 0.00117833], 
              [0.0205225, 0.00117833, 0.976497, 0.00180233], 
              [0.0479786, 0.55779, 0.356861, 0.0373706]
            ]
          }, {
            "db": 0,
            "id": "Mmusculus-HOCOMOCOv10-AP2D_MOUSE.H10MO.D",
            "len": 14,
            "nsites": 45,
            "evalue": "8.1e-020",
            "pwm": [
              [0.200111, 0.399667, 0.200111, 0.200111], 
              [0.000554324, 0.000554324, 0.998337, 0.000554324], 
              [0.000554324, 0.599224, 0.200111, 0.200111], 
              [0.000554324, 0.998337, 0.000554324, 0.000554324], 
              [0.000554324, 0.599224, 0.000554324, 0.399667], 
              [0.000554324, 0.000554324, 0.998337, 0.000554324], 
              [0.399667, 0.200111, 0.399667, 0.000554324], 
              [0.000554324, 0.000554324, 0.998337, 0.000554324], 
              [0.000554324, 0.000554324, 0.998337, 0.000554324], 
              [0.000554324, 0.79878, 0.200111, 0.000554324], 
              [0.200111, 0.200111, 0.399667, 0.200111], 
              [0.000554324, 0.79878, 0.200111, 0.000554324], 
              [0.000554324, 0.200111, 0.79878, 0.000554324], 
              [0.200111, 0.200111, 0.000554324, 0.599224]
            ]
          }, {
            "db": 0,
            "id": "Mmusculus-HOCOMOCOv10-ARI3A_MOUSE.H10MO.D",
            "len": 22,
            "nsites": 45,
            "evalue": "8.1e-020",
            "pwm": [
              [0.386061, 0.113939, 0.318031, 0.181969], 
              [0.680861, 0.0912618, 0.000554324, 0.227323], 
              [0.113939, 0.000554324, 0.000554324, 0.884953], 
              [0.159292, 0.000554324, 0.000554324, 0.839599], 
              [0.952983, 0.0459081, 0.000554324, 0.000554324], 
              [0.930306, 0.068585, 0.000554324, 0.000554324], 
              [0.476769, 0.000554324, 0.0232312, 0.499446], 
              [0.000554324, 0.408738, 0.227323, 0.363384], 
              [0.295354, 0.181969, 0.431415, 0.0912618], 
              [0.499446, 0.0459081, 0.363384, 0.0912618], 
              [0.454092, 0.0459081, 0.159292, 0.340708], 
              [0.726214, 0.000554324, 0.0912618, 0.181969], 
              [0.136616, 0.0459081, 0.0912618, 0.726214], 
              [0.159292, 0.567476, 0.0459081, 0.227323], 
              [0.726214, 0.000554324, 0.000554324, 0.272677], 
              [0.748891, 0.0459081, 0.000554324, 0.204646], 
              [0.952983, 0.000554324, 0.000554324, 0.0459081], 
              [0.408738, 0.000554324, 0.0459081, 0.544799], 
              [0.113939, 0.136616, 0.0912618, 0.658184], 
              [0.522123, 0.136616, 0.0232312, 0.318031], 
              [0.61283, 0.068585, 0.000554324, 0.318031], 
              [0.658184, 0.0232312, 0.068585, 0.25]
            ]
          }, {
            "db": 0,
            "id": "Mmusculus-HOCOMOCOv10-ARI3A_MOUSE.H10MO.S",
            "len": 7,
            "nsites": 45,
            "evalue": "8.1e-020",
            "pwm": [
              [0.573749, 0.0642426, 0.255307, 0.106701], 
              [0.998337, 0.000554324, 0.000554324, 0.000554324], 
              [0.000554324, 0.000554324, 0.000554324, 0.998337], 
              [0.000554324, 0.000554324, 0.000554324, 0.998337], 
              [0.998337, 0.000554324, 0.000554324, 0.000554324], 
              [0.998337, 0.000554324, 0.000554324, 0.000554324], 
              [0.828502, 0.000554324, 0.000554324, 0.17039]
            ]
          }, {
            "db": 0,
            "id": "Mmusculus-HOCOMOCOv10-ARI5B_MOUSE.H10MO.C",
            "len": 13,
            "nsites": 45,
            "evalue": "8.1e-020",
            "pwm": [
              [0.200111, 0.133592, 0.333149, 0.333149], 
              [0.133592, 0.26663, 0.399667, 0.200111], 
              [0.000554324, 0.26663, 0.200111, 0.532705], 
              [0.000554324, 0.133592, 0.333149, 0.532705], 
              [0.333149, 0.0670732, 0.333149, 0.26663], 
              [0.200111, 0.0670732, 0.665743, 0.0670732], 
              [0.000554324, 0.000554324, 0.000554324, 0.998337], 
              [0.865299, 0.000554324, 0.133592, 0.000554324], 
              [0.000554324, 0.133592, 0.000554324, 0.865299], 
              [0.000554324, 0.0670732, 0.0670732, 0.865299], 
              [0.133592, 0.26663, 0.532705, 0.0670732], 
              [0.133592, 0.0670732, 0.26663, 0.532705], 
              [0.26663, 0.133592, 0.399667, 0.200111]
            ]
          }, {
            "db": 0,
            "id": "Mmusculus-HOCOMOCOv10-ARNT2_MOUSE.H10MO.D",
            "len": 12,
            "nsites": 45,
            "evalue": "8.1e-020",
            "pwm": [
              [0.166851, 0.111419, 0.61031, 0.111419], 
              [0.166851, 0.277716, 0.333149, 0.222284], 
              [0.000554324, 0.665743, 0.222284, 0.111419], 
              [0.000554324, 0.0559867, 0.942905, 0.000554324], 
              [0.000554324, 0.000554324, 0.0559867, 0.942905], 
              [0.000554324, 0.0559867, 0.942905, 0.000554324], 
              [0.0559867, 0.000554324, 0.887472, 0.0559867], 
              [0.166851, 0.333149, 0.388581, 0.111419], 
              [0.554878, 0.000554324, 0.277716, 0.166851], 
              [0.000554324, 0.333149, 0.554878, 0.111419], 
              [0.388581, 0.000554324, 0.499446, 0.111419], 
              [0.111419, 0.61031, 0.166851, 0.111419]
            ]
          }, {
            "db": 0,
            "id": "Mmusculus-HOCOMOCOv10-ARNT_MOUSE.H10MO.B",
            "len": 8,
            "nsites": 45,
            "evalue": "8.1e-020",
            "pwm": [
              [0.1048, 0.246277, 0.235108, 0.413815], 
              [0.0489542, 0.518061, 0.0601234, 0.372861], 
              [0.544123, 0.000554324, 0.454769, 0.000554324], 
              [0.000554324, 0.998337, 0.000554324, 0.000554324], 
              [0.000554324, 0.000554324, 0.998337, 0.000554324], 
              [0.000554324, 0.000554324, 0.000554324, 0.998337], 
              [0.000554324, 0.000554324, 0.998337, 0.000554324], 
              [0.186708, 0.551569, 0.0564004, 0.205323]
            ]
          }, {
            "db": 0,
            "id": "Mmusculus-HOCOMOCOv10-ATF1_MOUSE.H10MO.B",
            "len": 10,
            "nsites": 45,
            "evalue": "8.1e-020",
            "pwm": [
              [0.29402, 0.323366, 0.323366, 0.0592474], 
              [0.000554324, 0.000554324, 0.000554324, 0.998337], 
              [0.000554324, 0.000554324, 0.998337, 0.000554324], 
              [0.998337, 0.000554324, 0.000554324, 0.000554324], 
              [0.000554324, 0.96899, 0.0299009, 0.000554324], 
              [0.0299009, 0.000554324, 0.96899, 0.000554324], 
              [0.0299009, 0.0592474, 0.000554324, 0.910297], 
              [0.088594, 0.558139, 0.264673, 0.088594], 
              [0.734218, 0.147287, 0.0592474, 0.0592474], 
              [0.20598, 0.382059, 0.29402, 0.117941]
            ]
          }, {
            "db": 0,
            "id": "Mmusculus-HOCOMOCOv10-ATF2_MOUSE.H10MO.B",
            "len": 9,
            "nsites": 45,
            "evalue": "8.1e-020",
            "pwm": [
              [0.288803, 0.244457, 0.366408, 0.100333], 
              [0.000554324, 0.000554324, 0.000554324, 0.998337], 
              [0.0116408, 0.0227273, 0.942905, 0.0227273], 
              [0.998337, 0.000554324, 0.000554324, 0.000554324], 
              [0.0116408, 0.765521, 0.0781596, 0.144678], 
              [0.000554324, 0.0338137, 0.920732, 0.0449002], 
              [0.0559867, 0.0892461, 0.0338137, 0.820953], 
              [0.310976, 0.521619, 0.0781596, 0.0892461], 
              [0.787694, 0.0892461, 0.0670732, 0.0559867]
            ]
          }, {
            "db": 0,
            "id": "Mmusculus-HOCOMOCOv10-ATF3_MOUSE.H10MO.A",
            "len": 9,
            "nsites": 45,
            "evalue": "8.1e-020",
            "pwm": [
              [0.222556, 0.211775, 0.432306, 0.133363], 
              [0.00790538, 0.00496495, 0.00643516, 0.980695], 
              [0.00202453, 0.00937559, 0.986085, 0.0025146], 
              [0.966973, 0.00790538, 0.00496495, 0.0201571], 
              [0.00692523, 0.646957, 0.068184, 0.277934], 
              [0.0270181, 0.0637734, 0.549923, 0.359286], 
              [0.053972, 0.502386, 0.0132961, 0.430346], 
              [0.333802, 0.437697, 0.127482, 0.101019], 
              [0.559234, 0.126012, 0.158847, 0.155907]
            ]
          }, {
            "db": 0,
            "id": "Mmusculus-HOCOMOCOv10-ATOH1_MOUSE.H10MO.C",
            "len": 11,
            "nsites": 45,
            "evalue": "8.1e-020",
            "pwm": [
              [0.543348, 0.0284922, 0.38969, 0.0384701], 
              [0.297894, 0.134257, 0.565299, 0.00254989], 
              [0.0105322, 0.988359, 0.000554324, 0.000554324], 
              [0.998337, 0.000554324, 0.000554324, 0.000554324], 
              [0.00454545, 0.000554324, 0.984368, 0.0105322], 
              [0.523392, 0.44357, 0.0324834, 0.000554324], 
              [0.0165188, 0.00454545, 0.000554324, 0.978381], 
              [0.00254989, 0.000554324, 0.994346, 0.00254989], 
              [0.0165188, 0.0703991, 0.754878, 0.158204], 
              [0.114302, 0.441574, 0.172173, 0.271951], 
              [0.395676, 0.212084, 0.248004, 0.144235]
            ]
          }, {
            "db": 0,
            "id": "Mmusculus-HOCOMOCOv10-BACH1_MOUSE.H10MO.C",
            "len": 14,
            "nsites": 45,
            "evalue": "8.1e-020",
            "pwm": [
              [0.125277, 0.25, 0.000554324, 0.624169], 
              [0.125277, 0.000554324, 0.873614, 0.000554324], 
              [0.000554324, 0.998337, 0.000554324, 0.000554324], 
              [0.000554324, 0.125277, 0.000554324, 0.873614], 
              [0.000554324, 0.000554324, 0.998337, 0.000554324], 
              [0.873614, 0.000554324, 0.000554324, 0.125277], 
              [0.000554324, 0.25, 0.748891, 0.000554324], 
              [0.000554324, 0.000554324, 0.000554324, 0.998337], 
              [0.000554324, 0.998337, 0.000554324, 0.000554324], 
              [0.998337, 0.000554324, 0.000554324, 0.000554324], 
              [0.125277, 0.374723, 0.000554324, 0.499446], 
              [0.125277, 0.000554324, 0.748891, 0.125277], 
              [0.000554324, 0.25, 0.624169, 0.125277], 
              [0.000554324, 0.000554324, 0.000554324, 0.998337]
            ]
          }, {
            "db": 0,
            "id": "Mmusculus-HOCOMOCOv10-BARX2_MOUSE.H10MO.D",
            "len": 10,
            "nsites": 45,
            "evalue": "8.1e-020",
            "pwm": [
              [0.143095, 0.143095, 0.0718245, 0.641986], 
              [0.000554324, 0.428175, 0.143095, 0.428175], 
              [0.428175, 0.143095, 0.285635, 0.143095], 
              [0.285635, 0.143095, 0.000554324, 0.570716], 
              [0.000554324, 0.000554324, 0.000554324, 0.998337], 
              [0.927067, 0.000554324, 0.0718245, 0.000554324], 
              [0.998337, 0.000554324, 0.000554324, 0.000554324], 
              [0.000554324, 0.000554324, 0.000554324, 0.998337], 
              [0.000554324, 0.0718245, 0.428175, 0.499446], 
              [0.356905, 0.000554324, 0.499446, 0.143095]
            ]
          }, {
            "db": 0,
            "id": "Mmusculus-HOCOMOCOv10-BATF_MOUSE.H10MO.B",
            "len": 10,
            "nsites": 45,
            "evalue": "8.1e-020",
            "pwm": [
              [0.41125, 0.303927, 0.143474, 0.141349], 
              [0.049434, 0.00108562, 0.010649, 0.938831], 
              [0.000554324, 0.0350889, 0.871356, 0.0930006], 
              [0.956364, 0.000554324, 0.00427343, 0.038808], 
              [0.000554324, 0.000554324, 0.935644, 0.0632478], 
              [0.00108562, 0.0117116, 0.0356202, 0.951583], 
              [0.0882189, 0.908016, 0.00321083, 0.000554324], 
              [0.99143, 0.000554324, 0.000554324, 0.00746123], 
              [0.123285, 0.142412, 0.261954, 0.472349], 
              [0.387341, 0.189697, 0.0930006, 0.329961]
            ]
          }, {
            "db": 0,
            "id": "Mmusculus-HOCOMOCOv10-BCL6_MOUSE.H10MO.C",
            "len": 13,
            "nsites": 45,
            "evalue": "8.1e-020",
            "pwm": [
              [0.297894, 0.122284, 0.192129, 0.387694], 
              [0.0923503, 0.0324834, 0.0703991, 0.804767], 
              [0.0903548, 0.11031, 0.0823725, 0.716962], 
              [0.0843681, 0.824723, 0.0424612, 0.0484479], 
              [0.0644124, 0.78082, 0.0125277, 0.142239], 
              [0.00254989, 0.0225055, 0.0145233, 0.960421], 
              [0.393681, 0.0384701, 0.537361, 0.0304878], 
              [0.122284, 0.0225055, 0.846674, 0.00853659], 
              [0.860643, 0.0364745, 0.0743902, 0.0284922], 
              [0.543348, 0.138248, 0.253991, 0.0644124], 
              [0.722949, 0.0404656, 0.152217, 0.0843681], 
              [0.120288, 0.0484479, 0.625166, 0.206098], 
              [0.228049, 0.409645, 0.138248, 0.224058]
            ]
          }, {
            "db": 0,
            "id": "Mmusculus-HOCOMOCOv10-BHE40_MOUSE.H10MO.B",
            "len": 9,
            "nsites": 45,
            "evalue": "8.1e-020",
            "pwm": [
              [0.110276, 0.00594245, 0.58835, 0.295432], 
              [0.0833355, 0.914576, 0.00104415, 0.00104415], 
              [0.977764, 0.0211272, 0.000554324, 0.000554324], 
              [0.00251364, 0.942496, 0.0338627, 0.0211272], 
              [0.0505169, 0.00251364, 0.944456, 0.00251364], 
              [0.0456186, 0.0274949, 0.0123102, 0.914576], 
              [0.000554324, 0.000554324, 0.998337, 0.000554324], 
              [0.685336, 0.148973, 0.0852948, 0.0803965], 
              [0.0750084, 0.510467, 0.302289, 0.112235]
            ]
          }, {
            "db": 0,
            "id": "Mmusculus-HOCOMOCOv10-BHE41_MOUSE.H10MO.D",
            "len": 20,
            "nsites": 45,
            "evalue": "8.1e-020",
            "pwm": [
              [0.399667, 0.100333, 0.200111, 0.299889], 
              [0.000554324, 0.599224, 0.399667, 0.000554324], 
              [0.299889, 0.299889, 0.299889, 0.100333], 
              [0.399667, 0.100333, 0.499446, 0.000554324], 
              [0.100333, 0.100333, 0.399667, 0.399667], 
              [0.000554324, 0.399667, 0.499446, 0.100333], 
              [0.000554324, 0.499446, 0.000554324, 0.499446], 
              [0.000554324, 0.998337, 0.000554324, 0.000554324], 
              [0.699002, 0.000554324, 0.200111, 0.100333], 
              [0.200111, 0.599224, 0.100333, 0.100333], 
              [0.000554324, 0.100333, 0.79878, 0.100333], 
              [0.000554324, 0.000554324, 0.000554324, 0.998337], 
              [0.000554324, 0.000554324, 0.998337, 0.000554324], 
              [0.299889, 0.599224, 0.100333, 0.000554324], 
              [0.399667, 0.200111, 0.100333, 0.299889], 
              [0.000554324, 0.100333, 0.699002, 0.200111], 
              [0.499446, 0.200111, 0.299889, 0.000554324], 
              [0.399667, 0.100333, 0.399667, 0.100333], 
              [0.299889, 0.100333, 0.599224, 0.000554324], 
              [0.200111, 0.299889, 0.299889, 0.200111]
            ]
          }, {
            "db": 0,
            "id": "Mmusculus-HOCOMOCOv10-BMAL1_MOUSE.H10MO.C",
            "len": 14,
            "nsites": 45,
            "evalue": "8.1e-020",
            "pwm": [
              [0.200111, 0.133592, 0.26663, 0.399667], 
              [0.0670732, 0.000554324, 0.865299, 0.0670732], 
              [0.333149, 0.133592, 0.466186, 0.0670732], 
              [0.599224, 0.000554324, 0.133592, 0.26663], 
              [0.000554324, 0.931818, 0.000554324, 0.0670732], 
              [0.998337, 0.000554324, 0.000554324, 0.000554324], 
              [0.000554324, 0.998337, 0.000554324, 0.000554324], 
              [0.000554324, 0.000554324, 0.998337, 0.000554324], 
              [0.000554324, 0.000554324, 0.000554324, 0.998337], 
              [0.000554324, 0.000554324, 0.998337, 0.000554324], 
              [0.732262, 0.000554324, 0.26663, 0.000554324], 
              [0.0670732, 0.79878, 0.0670732, 0.0670732], 
              [0.133592, 0.466186, 0.0670732, 0.333149], 
              [0.0670732, 0.665743, 0.26663, 0.000554324]
            ]
          }, {
            "db": 0,
            "id": "Mmusculus-HOCOMOCOv10-BRAC_MOUSE.H10MO.D",
            "len": 25,
            "nsites": 45,
            "evalue": "8.1e-020",
            "pwm": [
              [0.461069, 0.115683, 0.345941, 0.0773068], 
              [0.154059, 0.499446, 0.307564, 0.0389306], 
              [0.806456, 0.0389306, 0.0389306, 0.115683], 
              [0.345941, 0.0389306, 0.0389306, 0.576198], 
              [0.576198, 0.000554324, 0.000554324, 0.422693], 
              [0.307564, 0.000554324, 0.652951, 0.0389306], 
              [0.000554324, 0.000554324, 0.000554324, 0.998337], 
              [0.115683, 0.192436, 0.691327, 0.000554324], 
              [0.998337, 0.000554324, 0.000554324, 0.000554324], 
              [0.000554324, 0.998337, 0.000554324, 0.000554324], 
              [0.998337, 0.000554324, 0.000554324, 0.000554324], 
              [0.000554324, 0.959961, 0.000554324, 0.0389306], 
              [0.000554324, 0.921585, 0.0389306, 0.0389306], 
              [0.000554324, 0.000554324, 0.000554324, 0.998337], 
              [0.998337, 0.000554324, 0.000554324, 0.000554324], 
              [0.000554324, 0.0773068, 0.921585, 0.000554324], 
              [0.000554324, 0.0389306, 0.959961, 0.000554324], 
              [0.000554324, 0.0389306, 0.000554324, 0.959961], 
              [0.000554324, 0.000554324, 0.998337, 0.000554324], 
              [0.0389306, 0.0389306, 0.000554324, 0.921585], 
              [0.000554324, 0.269188, 0.652951, 0.0773068], 
              [0.959961, 0.000554324, 0.000554324, 0.0389306], 
              [0.844832, 0.0773068, 0.0389306, 0.0389306], 
              [0.844832, 0.000554324, 0.115683, 0.0389306], 
              [0.269188, 0.115683, 0.115683, 0.499446]
            ]
          }, {
            "db": 0,
            "id": "Mmusculus-HOCOMOCOv10-BRCA1_MOUSE.H10MO.D",
            "len": 9,
            "nsites": 45,
            "evalue": "8.1e-020",
            "pwm": [
              [0.150905, 0.19191, 0.287588, 0.369597], 
              [0.19191, 0.000554324, 0.273919, 0.533616], 
              [0.0415591, 0.123569, 0.150905, 0.683967], 
              [0.0552273, 0.342261, 0.478943, 0.123569], 
              [0.0278908, 0.150905, 0.451607, 0.369597], 
              [0.0142226, 0.000554324, 0.861654, 0.123569], 
              [0.000554324, 0.0278908, 0.000554324, 0.971001], 
              [0.000554324, 0.000554324, 0.000554324, 0.998337], 
              [0.0688956, 0.0688956, 0.82065, 0.0415591]
            ]
          }, {
            "db": 0,
            "id": "Mmusculus-HOCOMOCOv10-CDC5L_MOUSE.H10MO.D",
            "len": 15,
            "nsites": 45,
            "evalue": "8.1e-020",
            "pwm": [
              [0.200111, 0.200111, 0.499446, 0.100333], 
              [0.000554324, 0.200111, 0.399667, 0.399667], 
              [0.200111, 0.000554324, 0.79878, 0.000554324], 
              [0.499446, 0.100333, 0.100333, 0.299889], 
              [0.000554324, 0.100333, 0.299889, 0.599224], 
              [0.200111, 0.000554324, 0.200111, 0.599224], 
              [0.100333, 0.000554324, 0.000554324, 0.898559], 
              [0.898559, 0.000554324, 0.100333, 0.000554324], 
              [0.79878, 0.000554324, 0.000554324, 0.200111], 
              [0.100333, 0.599224, 0.000554324, 0.299889], 
              [0.599224, 0.000554324, 0.299889, 0.100333], 
              [0.200111, 0.100333, 0.000554324, 0.699002], 
              [0.79878, 0.100333, 0.100333, 0.000554324], 
              [0.599224, 0.000554324, 0.100333, 0.299889], 
              [0.100333, 0.299889, 0.200111, 0.399667]
            ]
          }, {
            "db": 0,
            "id": "Mmusculus-HOCOMOCOv10-CDX1_MOUSE.H10MO.C",
            "len": 8,
            "nsites": 45,
            "evalue": "8.1e-020",
            "pwm": [
              [0.466186, 0.23337, 0.0670732, 0.23337], 
              [0.0338137, 0.000554324, 0.100333, 0.865299], 
              [0.0338137, 0.000554324, 0.0338137, 0.931818], 
              [0.0670732, 0.0670732, 0.133592, 0.732262], 
              [0.79878, 0.000554324, 0.166851, 0.0338137], 
              [0.23337, 0.100333, 0.0338137, 0.632483], 
              [0.200111, 0.000554324, 0.79878, 0.000554324], 
              [0.200111, 0.100333, 0.333149, 0.366408]
            ]
          }, {
            "db": 0,
            "id": "Mmusculus-HOCOMOCOv10-CDX2_MOUSE.H10MO.C",
            "len": 8,
            "nsites": 45,
            "evalue": "8.1e-020",
            "pwm": [
              [0.471729, 0.0282705, 0.0837029, 0.416297], 
              [0.0559867, 0.000554324, 0.000554324, 0.942905], 
              [0.000554324, 0.000554324, 0.0282705, 0.970621], 
              [0.0837029, 0.000554324, 0.000554324, 0.915188], 
              [0.970621, 0.000554324, 0.0282705, 0.000554324], 
              [0.000554324, 0.305432, 0.0559867, 0.638027], 
              [0.360865, 0.0282705, 0.416297, 0.194568], 
              [0.305432, 0.0559867, 0.416297, 0.222284]
            ]
          }, {
            "db": 0,
            "id": "Mmusculus-HOCOMOCOv10-CDX4_MOUSE.H10MO.A",
            "len": 12,
            "nsites": 45,
            "evalue": "8.1e-020",
            "pwm": [
              [0.32184, 0.0185144, 0.0963415, 0.563304], 
              [0.174169, 0.0245011, 0.651109, 0.150222], 
              [0.796785, 0.0384701, 0.00853659, 0.156208], 
              [0.0105322, 0.0105322, 0.00454545, 0.97439], 
              [0.0165188, 0.00654102, 0.0125277, 0.964412], 
              [0.0384701, 0.052439, 0.0444568, 0.864634], 
              [0.994346, 0.00254989, 0.00254989, 0.000554324], 
              [0.0284922, 0.194124, 0.0225055, 0.754878], 
              [0.170177, 0.0264967, 0.483481, 0.319845], 
              [0.168182, 0.0424612, 0.663082, 0.126275], 
              [0.0644124, 0.565299, 0.216075, 0.154213], 
              [0.218071, 0.399667, 0.0883592, 0.293902]
            ]
          }, {
            "db": 0,
            "id": "Mmusculus-HOCOMOCOv10-CEBPA_MOUSE.H10MO.B",
            "len": 12,
            "nsites": 45,
            "evalue": "8.1e-020",
            "pwm": [
              [0.23204, 0.132262, 0.220067, 0.415632], 
              [0.529379, 0.144235, 0.26796, 0.0584257], 
              [0.00254989, 0.00254989, 0.00454545, 0.990355], 
              [0.00454545, 0.00254989, 0.170177, 0.822727], 
              [0.246009, 0.00654102, 0.445565, 0.301885], 
              [0.242018, 0.0484479, 0.190133, 0.519401], 
              [0.00254989, 0.000554324, 0.994346, 0.00254989], 
              [0.273947, 0.665078, 0.00654102, 0.0544346], 
              [0.988359, 0.00254989, 0.00853659, 0.000554324], 
              [0.996341, 0.000554324, 0.00254989, 0.000554324], 
              [0.00654102, 0.198115, 0.128271, 0.667073], 
              [0.439579, 0.164191, 0.162195, 0.234035]
            ]
          }, {
            "db": 0,
            "id": "Mmusculus-HOCOMOCOv10-CEBPB_MOUSE.H10MO.A",
            "len": 11,
            "nsites": 45,
            "evalue": "8.1e-020",
            "pwm": [
              [0.184146, 0.130266, 0.289911, 0.395676], 
              [0.545344, 0.112306, 0.30388, 0.0384701], 
              [0.000554324, 0.0125277, 0.000554324, 0.986364], 
              [0.000554324, 0.000554324, 0.00654102, 0.99235], 
              [0.0504435, 0.000554324, 0.840687, 0.108315], 
              [0.00654102, 0.988359, 0.000554324, 0.00454545], 
              [0.587251, 0.0344789, 0.25, 0.128271], 
              [0.188137, 0.441574, 0.00654102, 0.363747], 
              [0.63714, 0.355765, 0.00254989, 0.00454545], 
              [0.99235, 0.00654102, 0.000554324, 0.000554324], 
              [0.00853659, 0.307871, 0.212084, 0.471508]
            ]
          }, {
            "db": 0,
            "id": "Mmusculus-HOCOMOCOv10-CEBPD_MOUSE.H10MO.B",
            "len": 11,
            "nsites": 45,
            "evalue": "8.1e-020",
            "pwm": [
              [0.389301, 0.143095, 0.32451, 0.143095], 
              [0.441134, 0.169011, 0.32451, 0.0653454], 
              [0.000554324, 0.000554324, 0.0523872, 0.946504], 
              [0.039429, 0.0135125, 0.32451, 0.622549], 
              [0.363384, 0.039429, 0.389301, 0.207886], 
              [0.130136, 0.311552, 0.220844, 0.337468], 
              [0.0523872, 0.0783036, 0.855797, 0.0135125], 
              [0.24676, 0.596632, 0.0135125, 0.143095], 
              [0.985379, 0.000554324, 0.0135125, 0.000554324], 
              [0.959462, 0.000554324, 0.039429, 0.000554324], 
              [0.143095, 0.0783036, 0.194928, 0.583674]
            ]
          }, {
            "db": 0,
            "id": "Mmusculus-HOCOMOCOv10-CEBPE_MOUSE.H10MO.A",
            "len": 12,
            "nsites": 45,
            "evalue": "8.1e-020",
            "pwm": [
              [0.112375, 0.10746, 0.202077, 0.578089], 
              [0.000554324, 0.000554324, 0.100087, 0.898805], 
              [0.227882, 0.000554324, 0.465039, 0.306525], 
              [0.0484774, 0.569487, 0.218051, 0.163984], 
              [0.0865701, 0.000554324, 0.912321, 0.000554324], 
              [0.320041, 0.445379, 0.00178312, 0.232797], 
              [0.845966, 0.151696, 0.00178312, 0.000554324], 
              [0.998337, 0.000554324, 0.000554324, 0.000554324], 
              [0.000554324, 0.150467, 0.0116135, 0.837365], 
              [0.264746, 0.4847, 0.0411046, 0.20945], 
              [0.213136, 0.0705957, 0.181187, 0.535081], 
              [0.113604, 0.31144, 0.205763, 0.369193]
            ]
          }, {
            "db": 0,
            "id": "Mmusculus-HOCOMOCOv10-CEBPG_MOUSE.H10MO.C",
            "len": 13,
            "nsites": 45,
            "evalue": "8.1e-020",
            "pwm": [
              [0.590153, 0.181969, 0.136616, 0.0912618], 
              [0.000554324, 0.000554324, 0.000554324, 0.998337], 
              [0.000554324, 0.0459081, 0.272677, 0.680861], 
              [0.181969, 0.000554324, 0.408738, 0.408738], 
              [0.136616, 0.181969, 0.227323, 0.454092], 
              [0.000554324, 0.181969, 0.816922, 0.000554324], 
              [0.136616, 0.635507, 0.000554324, 0.227323], 
              [0.998337, 0.000554324, 0.000554324, 0.000554324], 
              [0.998337, 0.000554324, 0.000554324, 0.000554324], 
              [0.000554324, 0.181969, 0.0459081, 0.771568], 
              [0.136616, 0.499446, 0.227323, 0.136616], 
              [0.0912618, 0.0912618, 0.227323, 0.590153], 
              [0.0912618, 0.227323, 0.363384, 0.318031]
            ]
          }, {
            "db": 0,
            "id": "Mmusculus-HOCOMOCOv10-CEBPZ_MOUSE.H10MO.D",
            "len": 11,
            "nsites": 45,
            "evalue": "8.1e-020",
            "pwm": [
              [0.307564, 0.0389306, 0.345941, 0.307564], 
              [0.000554324, 0.691327, 0.230812, 0.0773068], 
              [0.0389306, 0.230812, 0.000554324, 0.729703], 
              [0.000554324, 0.345941, 0.576198, 0.0773068], 
              [0.998337, 0.000554324, 0.000554324, 0.000554324], 
              [0.000554324, 0.000554324, 0.000554324, 0.998337], 
              [0.000554324, 0.000554324, 0.000554324, 0.998337], 
              [0.000554324, 0.000554324, 0.998337, 0.000554324], 
              [0.000554324, 0.000554324, 0.998337, 0.000554324], 
              [0.0389306, 0.768079, 0.000554324, 0.192436], 
              [0.0389306, 0.115683, 0.0389306, 0.806456]
            ]
          }, {
            "db": 0,
            "id": "Mmusculus-HOCOMOCOv10-COE1_MOUSE.H10MO.C",
            "len": 13,
            "nsites": 45,
            "evalue": "8.1e-020",
            "pwm": [
              [0.0684035, 0.259978, 0.477494, 0.194124], 
              [0.0464523, 0.230044, 0.0245011, 0.699002], 
              [0.000554324, 0.99235, 0.00654102, 0.000554324], 
              [0.0145233, 0.788803, 0.000554324, 0.19612], 
              [0.00254989, 0.986364, 0.00254989, 0.00853659], 
              [0.359756, 0.00853659, 0.0284922, 0.603215], 
              [0.0723947, 0.0145233, 0.710976, 0.202106], 
              [0.0145233, 0.00454545, 0.976386, 0.00454545], 
              [0.166186, 0.000554324, 0.832705, 0.000554324], 
              [0.00254989, 0.000554324, 0.996341, 0.000554324], 
              [0.738914, 0.0384701, 0.206098, 0.0165188], 
              [0.210089, 0.379712, 0.261973, 0.148226], 
              [0.19612, 0.335809, 0.098337, 0.369734]
            ]
          }, {
            "db": 0,
            "id": "Mmusculus-HOCOMOCOv10-COT1_MOUSE.H10MO.B",
            "len": 9,
            "nsites": 45,
            "evalue": "8.1e-020",
            "pwm": [
              [0.0967262, 0.637693, 0.0847047, 0.180876], 
              [0.685779, 0.108748, 0.0967262, 0.108748], 
              [0.649714, 0.0486402, 0.216941, 0.0847047], 
              [0.805993, 0.000554324, 0.192898, 0.000554324], 
              [0.0125758, 0.000554324, 0.986316, 0.000554324], 
              [0.000554324, 0.000554324, 0.757907, 0.240984], 
              [0.0125758, 0.0847047, 0.0245973, 0.878122], 
              [0.0125758, 0.902165, 0.0125758, 0.0726832], 
              [0.842058, 0.0847047, 0.0486402, 0.0245973]
            ]
          }, {
            "db": 0,
            "id": "Mmusculus-HOCOMOCOv10-COT1_MOUSE.H10MO.S",
            "len": 12,
            "nsites": 45,
            "evalue": "8.1e-020",
            "pwm": [
              [0.0857309, 0.122235, 0.706303, 0.0857309], 
              [0.097899, 0.0735628, 0.487278, 0.341261], 
              [0.110067, 0.231748, 0.243916, 0.414269], 
              [0.097899, 0.694135, 0.0735628, 0.134403], 
              [0.754975, 0.0735628, 0.0492267, 0.122235], 
              [0.608958, 0.0492267, 0.256084, 0.0857309], 
              [0.718471, 0.000554324, 0.268252, 0.0127224], 
              [0.0127224, 0.000554324, 0.986169, 0.000554324], 
              [0.0248905, 0.0492267, 0.645463, 0.28042], 
              [0.0370586, 0.0735628, 0.0370586, 0.85232], 
              [0.0127224, 0.864488, 0.0613947, 0.0613947], 
              [0.815816, 0.097899, 0.0492267, 0.0370586]
            ]
          }, {
            "db": 0,
            "id": "Mmusculus-HOCOMOCOv10-COT2_MOUSE.H10MO.B",
            "len": 10,
