<!DOCTYPE HTML>
<html>
  <head>
    <meta charset="UTF-8">
    <title>TOMTOM</title>
    <script>
      // @JSON_VAR data
      var data = {
        "program": "Tomtom",
        "version": "4.11.3",
        "release": "Sat Mar 11 20:16:08 2017 -0800",
        "cmd": ["tomtom", "ten.motifs.meme", "all.jaspar.meme"],
        "options": {
          "strands": "both",
          "distance_measure": "ed",
          "threshold_type": "qvalue",
          "threshold_value": 0.5,
          "background_source": "first_target"
        },
        "alphabet": {
          "name": "DNA",
          "like": "dna",
          "ncore": 4,
          "symbols": [
            {
              "symbol": "A",
              "name": "Adenine",
              "colour": "CC0000",
              "complement": "T"
            }, {
              "symbol": "C",
              "name": "Cytosine",
              "colour": "0000CC",
              "complement": "G"
            }, {
              "symbol": "G",
              "name": "Guanine",
              "colour": "FFB300",
              "complement": "C"
            }, {
              "symbol": "T",
              "aliases": "U",
              "name": "Thymine",
              "colour": "008000",
              "complement": "A"
            }, {
              "symbol": "N",
              "aliases": "X.",
              "name": "Any base",
              "equals": "ACGT"
            }, {
              "symbol": "V",
              "name": "Not T",
              "equals": "ACG"
            }, {
              "symbol": "H",
              "name": "Not G",
              "equals": "ACT"
            }, {
              "symbol": "D",
              "name": "Not C",
              "equals": "AGT"
            }, {
              "symbol": "B",
              "name": "Not A",
              "equals": "CGT"
            }, {
              "symbol": "M",
              "name": "Amino",
              "equals": "AC"
            }, {
              "symbol": "R",
              "name": "Purine",
              "equals": "AG"
            }, {
              "symbol": "W",
              "name": "Weak",
              "equals": "AT"
            }, {
              "symbol": "S",
              "name": "Strong",
              "equals": "CG"
            }, {
              "symbol": "Y",
              "name": "Pyrimidine",
              "equals": "CT"
            }, {
              "symbol": "K",
              "name": "Keto",
              "equals": "GT"
            }
          ]
        },
        "background": [0.25, 0.25, 0.25, 0.25],
        "query_dbs": [
          {
            "source": "ten.motifs.meme",
            "name": "ten.motifs",
            "loaded": 10,
            "excluded": 0,
            "last_modified": "Fri Jun 16 15:07:29 2017"
          }
        ],
        "target_dbs": [
          {
            "source": "all.jaspar.meme",
            "name": "all.jaspar",
            "loaded": 1209,
            "excluded": 0,
            "last_modified": "Fri Jun 16 15:07:56 2017"
          }
        ],
        "queries": [
          {
            "db": 0,
            "id": "Athaliana-jaspar2016-AG-MA0005.1",
            "len": 11,
            "nsites": 45,
            "evalue": "8.1e-020",
            "pwm": [
              [0.000554324, 0.965078, 0.0227273, 0.0116408], 
              [0.0227273, 0.953991, 0.000554324, 0.0227273], 
              [0.42184, 0.100333, 0.0781596, 0.399667], 
              [0.676829, 0.0559867, 0.0227273, 0.244457], 
              [0.809867, 0.0116408, 0.0116408, 0.166851], 
              [0.344235, 0.0338137, 0.0449002, 0.577051], 
              [0.255543, 0.177938, 0.189024, 0.377494], 
              [0.222284, 0.144678, 0.288803, 0.344235], 
              [0.244457, 0.000554324, 0.710089, 0.0449002], 
              [0.0116408, 0.000554324, 0.909645, 0.0781596], 
              [0.299889, 0.277716, 0.100333, 0.322062]
            ]
          }, {
            "db": 0,
            "id": "Athaliana-jaspar2016-AG-MA0005.2",
            "len": 18,
            "nsites": 45,
            "evalue": "8.1e-020",
            "pwm": [
              [0.318031, 0.302913, 0.0912618, 0.287795], 
              [0.136616, 0.0459081, 0.0459081, 0.771568], 
              [0.151734, 0.000554324, 0.0156722, 0.83204], 
              [0.438974, 0.121498, 0.121498, 0.318031], 
              [0.000554324, 0.998337, 0.000554324, 0.000554324], 
              [0.000554324, 0.983219, 0.000554324, 0.0156722], 
              [0.46921, 0.0459081, 0.0912618, 0.39362], 
              [0.711097, 0.0307902, 0.000554324, 0.257559], 
              [0.786686, 0.000554324, 0.0156722, 0.197087], 
              [0.378502, 0.000554324, 0.0156722, 0.605271], 
              [0.257559, 0.227323, 0.166851, 0.348266], 
              [0.287795, 0.121498, 0.302913, 0.287795], 
              [0.10638, 0.000554324, 0.862276, 0.0307902], 
              [0.0307902, 0.000554324, 0.816922, 0.151734], 
              [0.333149, 0.257559, 0.0761439, 0.333149], 
              [0.680861, 0.061026, 0.0761439, 0.181969], 
              [0.605271, 0.0912618, 0.136616, 0.166851], 
              [0.227323, 0.151734, 0.242441, 0.378502]
            ]
          }, {
            "db": 0,
            "id": "Athaliana-jaspar2016-AGL3-MA0001.1",
            "len": 10,
            "nsites": 45,
            "evalue": "8.1e-020",
            "pwm": [
              [0.000554324, 0.967478, 0.0108407, 0.0211272], 
              [0.0314136, 0.772036, 0.000554324, 0.195996], 
              [0.813181, 0.0417, 0.0314136, 0.113705], 
              [0.412011, 0.0314136, 0.0417, 0.514875], 
              [0.679458, 0.0108407, 0.0108407, 0.29886], 
              [0.494302, 0.0211272, 0.000554324, 0.484016], 
              [0.669172, 0.0519864, 0.0519864, 0.226856], 
              [0.113705, 0.0211272, 0.0314136, 0.833754], 
              [0.669172, 0.0314136, 0.288574, 0.0108407], 
              [0.000554324, 0.0314136, 0.905759, 0.0622728]
            ]
          }, {
            "db": 0,
            "id": "Athaliana-jaspar2016-AGL3-MA0001.2",
            "len": 18,
            "nsites": 45,
            "evalue": "8.1e-020",
            "pwm": [
              [0.23162, 0.305141, 0.357656, 0.105584], 
              [0.168602, 0.0950811, 0.305141, 0.431176], 
              [0.263129, 0.0845781, 0.0425662, 0.609727], 
              [0.284135, 0.168602, 0.137093, 0.41017], 
              [0.000554324, 0.966828, 0.000554324, 0.0320633], 
              [0.000554324, 0.830289, 0.000554324, 0.168602], 
              [0.861798, 0.0110573, 0.0215603, 0.105584], 
              [0.420673, 0.0425662, 0.0320633, 0.504697], 
              [0.588721, 0.000554324, 0.0110573, 0.399667], 
              [0.368158, 0.000554324, 0.000554324, 0.630733], 
              [0.683248, 0.0110573, 0.0425662, 0.263129], 
              [0.263129, 0.0425662, 0.0320633, 0.662242], 
              [0.672745, 0.000554324, 0.294638, 0.0320633], 
              [0.000554324, 0.000554324, 0.966828, 0.0320633], 
              [0.347153, 0.147596, 0.158099, 0.347153], 
              [0.546709, 0.0530692, 0.0740752, 0.326147], 
              [0.473188, 0.242123, 0.137093, 0.147596], 
              [0.221117, 0.252626, 0.273632, 0.252626]
            ]
          }, {
            "db": 0,
            "id": "Hsapiens-jaspar2016-RUNX1-MA0002.1",
            "len": 11,
            "nsites": 45,
            "evalue": "8.1e-020",
            "pwm": [
              [0.384317, 0.0773068, 0.115683, 0.422693], 
              [0.461069, 0.0773068, 0.0389306, 0.422693], 
              [0.154059, 0.269188, 0.0389306, 0.537822], 
              [0.0389306, 0.0389306, 0.000554324, 0.921585], 
              [0.0773068, 0.000554324, 0.883208, 0.0389306], 
              [0.0773068, 0.307564, 0.000554324, 0.614574], 
              [0.000554324, 0.000554324, 0.998337, 0.000554324], 
              [0.000554324, 0.000554324, 0.998337, 0.000554324], 
              [0.000554324, 0.0389306, 0.000554324, 0.959961], 
              [0.307564, 0.0773068, 0.000554324, 0.614574], 
              [0.499446, 0.0773068, 0.154059, 0.269188]
            ]
          }, {
            "db": 0,
            "id": "Hsapiens-jaspar2016-TFAP2A-MA0003.1",
            "len": 9,
            "nsites": 45,
            "evalue": "8.1e-020",
            "pwm": [
              [0.000554324, 0.000554324, 0.998337, 0.000554324], 
              [0.000554324, 0.998337, 0.000554324, 0.000554324], 
              [0.000554324, 0.998337, 0.000554324, 0.000554324], 
              [0.11921, 0.383487, 0.248652, 0.248652], 
              [0.103029, 0.307979, 0.329553, 0.259438], 
              [0.297192, 0.237865, 0.361913, 0.103029], 
              [0.286406, 0.162357, 0.491356, 0.0598819], 
              [0.103029, 0.086849, 0.739453, 0.0706688], 
              [0.0490951, 0.421241, 0.426635, 0.103029]
            ]
          }, {
            "db": 0,
            "id": "Hsapiens-jaspar2016-TFAP2A-MA0003.2",
            "len": 15,
            "nsites": 45,
            "evalue": "8.1e-020",
            "pwm": [
              [0.272019, 0.319579, 0.167112, 0.24129], 
              [0.419592, 0.208018, 0.155565, 0.216825], 
              [0.142843, 0.295309, 0.173571, 0.388276], 
              [0.297462, 0.102133, 0.193339, 0.407066], 
              [0.0115147, 0.235223, 0.727069, 0.0261937], 
              [0.000554324, 0.998337, 0.000554324, 0.000554324], 
              [0.000554324, 0.932575, 0.000554324, 0.0663164], 
              [0.012689, 0.340325, 0.0171906, 0.629795], 
              [0.0682736, 0.534675, 0.336215, 0.0608362], 
              [0.732157, 0.0467443, 0.180617, 0.0404813], 
              [0.0905857, 0.000554324, 0.908306, 0.000554324], 
              [0.000554324, 0.000554324, 0.998337, 0.000554324], 
              [0.0232579, 0.282979, 0.676768, 0.0169948], 
              [0.0888242, 0.71924, 0.0915643, 0.100372], 
              [0.616291, 0.135601, 0.0334354, 0.214672]
            ]
          }, {
            "db": 0,
            "id": "Hsapiens-jaspar2016-TFAP2A-MA0003.3",
            "len": 11,
            "nsites": 45,
            "evalue": "8.1e-020",
            "pwm": [
              [0.321243, 0.365042, 0.052624, 0.261091], 
              [0.0254444, 0.17642, 0.789042, 0.00909325], 
              [0.000554324, 0.97288, 0.0260117, 0.000554324], 
              [0.000554324, 0.946319, 0.0025139, 0.0506127], 
              [0.0067564, 0.309906, 0.12422, 0.559117], 
              [0.108641, 0.504709, 0.303761, 0.0828883], 
              [0.684662, 0.187556, 0.116702, 0.0110791], 
              [0.154833, 0.034703, 0.809909, 0.000554324], 
              [0.000554324, 0.0063467, 0.992545, 0.000554324], 
              [0.00632508, 0.880316, 0.108896, 0.00446355], 
              [0.351132, 0.15056, 0.243985, 0.254323]
            ]
          }, {
            "db": 0,
            "id": "Mmusculus-jaspar2016-Arnt-MA0004.1",
            "len": 6,
            "nsites": 45,
            "evalue": "8.1e-020",
            "pwm": [
              [0.200111, 0.79878, 0.000554324, 0.000554324], 
              [0.948448, 0.000554324, 0.0504435, 0.000554324], 
              [0.000554324, 0.998337, 0.000554324, 0.000554324], 
              [0.000554324, 0.000554324, 0.998337, 0.000554324], 
              [0.000554324, 0.000554324, 0.000554324, 0.998337], 
              [0.000554324, 0.000554324, 0.998337, 0.000554324]
            ]
          }, {
            "db": 0,
            "id": "Mmusculus-jaspar2016-RUNX1-MA0002.2",
            "len": 11,
            "nsites": 45,
            "evalue": "8.1e-020",
            "pwm": [
              [0.143736, 0.248004, 0.347783, 0.260477], 
              [0.117295, 0.242517, 0.233537, 0.406652], 
              [0.061918, 0.535366, 0.0748891, 0.327827], 
              [0.0289911, 0.000554324, 0.00404656, 0.966408], 
              [0.000554324, 0.0379712, 0.934479, 0.0269956], 
              [0.0439579, 0.0639135, 0.0354767, 0.856652], 
              [0.000554324, 0.000554324, 0.991851, 0.00703991], 
              [0.00903548, 0.0215078, 0.922506, 0.0469512], 
              [0.00554324, 0.200111, 0.125776, 0.66857], 
              [0.0659091, 0.231541, 0.0409645, 0.661585], 
              [0.25, 0.0793792, 0.144734, 0.525887]
            ]
          }
        ],
        "targets": [
          {
            "db": 0,
            "id": "Amajus-jaspar2016-bZIP910-MA0096.1",
            "len": 7,
            "nsites": 45,
            "evalue": "8.1e-020",
            "pwm": [
              [0.428175, 0.428175, 0.143095, 0.000554324], 
              [0.000554324, 0.000554324, 0.000554324, 0.998337], 
              [0.000554324, 0.000554324, 0.998337, 0.000554324], 
              [0.998337, 0.000554324, 0.000554324, 0.000554324], 
              [0.000554324, 0.998337, 0.000554324, 0.000554324], 
              [0.000554324, 0.000554324, 0.998337, 0.000554324], 
              [0.000554324, 0.000554324, 0.000554324, 0.998337]
            ]
          }, {
            "db": 0,
            "id": "Amajus-jaspar2016-bZIP911-MA0097.1",
            "len": 12,
            "nsites": 45,
            "evalue": "8.1e-020",
            "pwm": [
              [0.0307902, 0.000554324, 0.937865, 0.0307902], 
              [0.514564, 0.000554324, 0.484328, 0.000554324], 
              [0.000554324, 0.000554324, 0.000554324, 0.998337], 
              [0.000554324, 0.000554324, 0.998337, 0.000554324], 
              [0.998337, 0.000554324, 0.000554324, 0.000554324], 
              [0.000554324, 0.998337, 0.000554324, 0.000554324], 
              [0.000554324, 0.000554324, 0.998337, 0.000554324], 
              [0.000554324, 0.000554324, 0.000554324, 0.998337], 
              [0.000554324, 0.0307902, 0.968101, 0.000554324], 
              [0.0307902, 0.000554324, 0.665743, 0.302913], 
              [0.333149, 0.605271, 0.0307902, 0.0307902], 
              [0.0307902, 0.968101, 0.000554324, 0.000554324]
            ]
          }, {
            "db": 0,
            "id": "Amajus-jaspar2016-squamosa-MA0082.1",
            "len": 14,
            "nsites": 45,
            "evalue": "8.1e-020",
            "pwm": [
              [0.366408, 0.466186, 0.0338137, 0.133592], 
              [0.000554324, 0.732262, 0.000554324, 0.26663], 
              [0.79878, 0.000554324, 0.133592, 0.0670732], 
              [0.532705, 0.0670732, 0.0338137, 0.366408], 
              [0.765521, 0.000554324, 0.000554324, 0.23337], 
              [0.565965, 0.000554324, 0.000554324, 0.432927], 
              [0.79878, 0.0338137, 0.000554324, 0.166851], 
              [0.26663, 0.000554324, 0.0338137, 0.699002], 
              [0.466186, 0.0338137, 0.499446, 0.000554324], 
              [0.0338137, 0.0338137, 0.931818, 0.000554324], 
              [0.466186, 0.166851, 0.0338137, 0.333149], 
              [0.83204, 0.166851, 0.000554324, 0.000554324], 
              [0.699002, 0.0670732, 0.100333, 0.133592], 
              [0.23337, 0.166851, 0.26663, 0.333149]
            ]
          }, {
            "db": 0,
            "id": "Athaliana-jaspar2016-ABF1-MA0570.1",
            "len": 19,
            "nsites": 45,
            "evalue": "8.1e-020",
            "pwm": [
              [0.000554324, 0.0912618, 0.726214, 0.181969], 
              [0.181969, 0.0459081, 0.635507, 0.136616], 
              [0.431415, 0.363384, 0.000554324, 0.204646], 
              [0.000554324, 0.794245, 0.181969, 0.0232312], 
              [0.97566, 0.000554324, 0.0232312, 0.000554324], 
              [0.000554324, 0.998337, 0.000554324, 0.000554324], 
              [0.000554324, 0.000554324, 0.998337, 0.000554324], 
              [0.000554324, 0.000554324, 0.000554324, 0.998337], 
              [0.000554324, 0.000554324, 0.998337, 0.000554324], 
              [0.000554324, 0.000554324, 0.862276, 0.136616], 
              [0.000554324, 0.998337, 0.000554324, 0.000554324], 
              [0.386061, 0.318031, 0.204646, 0.0912618], 
              [0.136616, 0.544799, 0.204646, 0.113939], 
              [0.295354, 0.136616, 0.476769, 0.0912618], 
              [0.454092, 0.25, 0.25, 0.0459081], 
              [0.272677, 0.431415, 0.295354, 0.000554324], 
              [0.295354, 0.272677, 0.386061, 0.0459081], 
              [0.227323, 0.136616, 0.522123, 0.113939], 
              [0.295354, 0.204646, 0.454092, 0.0459081]
            ]
          }, {
            "db": 0,
            "id": "Athaliana-jaspar2016-ABF2-MA0941.1",
            "len": 13,
            "nsites": 45,
            "evalue": "8.1e-020",
            "pwm": [
              [0.230812, 0.307564, 0.230812, 0.230812], 
              [0.307564, 0.230812, 0.230812, 0.230812], 
              [0.191131, 0.26796, 0.191131, 0.349778], 
              [0.27422, 0.120408, 0.403063, 0.202308], 
              [0.698004, 0.177162, 0.103326, 0.0215078], 
              [0.000554324, 0.839531, 0.000554324, 0.159361], 
              [0.998337, 0.000554324, 0.000554324, 0.000554324], 
              [0.000554324, 0.916437, 0.000554324, 0.0824544], 
              [0.0195312, 0.0195312, 0.941406, 0.0195312], 
              [0.0195312, 0.0195312, 0.0195312, 0.941406], 
              [0.218071, 0.0594235, 0.663082, 0.0594235], 
              [0.21287, 0.130136, 0.286632, 0.370362], 
              [0.229275, 0.229275, 0.229275, 0.312174]
            ]
          }, {
            "db": 0,
            "id": "Athaliana-jaspar2016-ABF3-MA0930.1",
            "len": 8,
            "nsites": 45,
            "evalue": "8.1e-020",
            "pwm": [
              [0.968433, 0.0105222, 0.0105222, 0.0105222], 
              [0.0105222, 0.968433, 0.0105222, 0.0105222], 
              [0.968433, 0.0105222, 0.0105222, 0.0105222], 
              [0.0105222, 0.968433, 0.0105222, 0.0105222], 
              [0.0105222, 0.0105222, 0.968433, 0.0105222], 
              [0.0105222, 0.0105222, 0.0105222, 0.968433], 
              [0.0105222, 0.0105222, 0.968433, 0.0105222], 
              [0.0105222, 0.0105222, 0.0105222, 0.968433]
            ]
          }, {
            "db": 0,
            "id": "Athaliana-jaspar2016-ABI5-MA0931.1",
            "len": 10,
            "nsites": 45,
            "evalue": "8.1e-020",
            "pwm": [
              [0.180973, 0.256728, 0.256728, 0.305571], 
              [0.0872747, 0.0872747, 0.658433, 0.167018], 
              [0.607206, 0.313858, 0.000554324, 0.0783814], 
              [0.000554324, 0.92051, 0.0783814, 0.000554324], 
              [0.998337, 0.000554324, 0.000554324, 0.000554324], 
              [0.000554324, 0.998337, 0.000554324, 0.000554324], 
              [0.000554324, 0.000554324, 0.998337, 0.000554324], 
              [0.000554324, 0.000554324, 0.000554324, 0.998337], 
              [0.152066, 0.0703293, 0.707276, 0.0703293], 
              [0.164027, 0.164027, 0.336471, 0.335474]
            ]
          }, {
            "db": 0,
            "id": "Athaliana-jaspar2016-AG-MA0005.1",
            "len": 11,
            "nsites": 45,
            "evalue": "8.1e-020",
            "pwm": [
              [0.000554324, 0.965078, 0.0227273, 0.0116408], 
              [0.0227273, 0.953991, 0.000554324, 0.0227273], 
              [0.42184, 0.100333, 0.0781596, 0.399667], 
              [0.676829, 0.0559867, 0.0227273, 0.244457], 
              [0.809867, 0.0116408, 0.0116408, 0.166851], 
              [0.344235, 0.0338137, 0.0449002, 0.577051], 
              [0.255543, 0.177938, 0.189024, 0.377494], 
              [0.222284, 0.144678, 0.288803, 0.344235], 
              [0.244457, 0.000554324, 0.710089, 0.0449002], 
              [0.0116408, 0.000554324, 0.909645, 0.0781596], 
              [0.299889, 0.277716, 0.100333, 0.322062]
            ]
          }, {
            "db": 0,
            "id": "Athaliana-jaspar2016-AG-MA0005.2",
            "len": 18,
            "nsites": 45,
            "evalue": "8.1e-020",
            "pwm": [
              [0.318031, 0.302913, 0.0912618, 0.287795], 
              [0.136616, 0.0459081, 0.0459081, 0.771568], 
              [0.151734, 0.000554324, 0.0156722, 0.83204], 
              [0.438974, 0.121498, 0.121498, 0.318031], 
              [0.000554324, 0.998337, 0.000554324, 0.000554324], 
              [0.000554324, 0.983219, 0.000554324, 0.0156722], 
              [0.46921, 0.0459081, 0.0912618, 0.39362], 
              [0.711097, 0.0307902, 0.000554324, 0.257559], 
              [0.786686, 0.000554324, 0.0156722, 0.197087], 
              [0.378502, 0.000554324, 0.0156722, 0.605271], 
              [0.257559, 0.227323, 0.166851, 0.348266], 
              [0.287795, 0.121498, 0.302913, 0.287795], 
              [0.10638, 0.000554324, 0.862276, 0.0307902], 
              [0.0307902, 0.000554324, 0.816922, 0.151734], 
              [0.333149, 0.257559, 0.0761439, 0.333149], 
              [0.680861, 0.061026, 0.0761439, 0.181969], 
              [0.605271, 0.0912618, 0.136616, 0.166851], 
              [0.227323, 0.151734, 0.242441, 0.378502]
            ]
          }, {
            "db": 0,
            "id": "Athaliana-jaspar2016-AGL1-MA0585.1",
            "len": 18,
            "nsites": 45,
            "evalue": "8.1e-020",
            "pwm": [
              [0.322915, 0.16941, 0.230812, 0.276863], 
              [0.18476, 0.0926573, 0.138709, 0.583873], 
              [0.0619563, 0.0159048, 0.138709, 0.78343], 
              [0.322915, 0.0773068, 0.338265, 0.261513], 
              [0.000554324, 0.998337, 0.000554324, 0.000554324], 
              [0.0159048, 0.967636, 0.0159048, 0.000554324], 
              [0.461069, 0.0926573, 0.108008, 0.338265], 
              [0.47642, 0.0619563, 0.123358, 0.338265], 
              [0.645275, 0.0159048, 0.0159048, 0.322915], 
              [0.399667, 0.0466058, 0.0312553, 0.522471], 
              [0.215461, 0.215461, 0.138709, 0.430368], 
              [0.230812, 0.123358, 0.430368, 0.215461], 
              [0.108008, 0.000554324, 0.860183, 0.0312553], 
              [0.0619563, 0.000554324, 0.860183, 0.0773068], 
              [0.399667, 0.0926573, 0.0773068, 0.430368], 
              [0.737378, 0.154059, 0.0619563, 0.0466058], 
              [0.599224, 0.138709, 0.123358, 0.138709], 
              [0.276863, 0.230812, 0.292214, 0.200111]
            ]
          }, {
            "db": 0,
            "id": "Athaliana-jaspar2016-AGL15-MA0548.1",
            "len": 15,
            "nsites": 45,
            "evalue": "8.1e-020",
            "pwm": [
              [0.0604213, 0.0338137, 0.02051, 0.885255], 
              [0.0271619, 0.0670732, 0.0404656, 0.865299], 
              [0.120288, 0.000554324, 0.0737251, 0.805432], 
              [0.000554324, 0.958426, 0.0138581, 0.0271619], 
              [0.0271619, 0.659091, 0.00720621, 0.306541], 
              [0.419623, 0.133592, 0.120288, 0.326497], 
              [0.100333, 0.153548, 0.106984, 0.639135], 
              [0.220067, 0.0271619, 0.02051, 0.732262], 
              [0.02051, 0.000554324, 0.000554324, 0.978381], 
              [0.100333, 0.0604213, 0.0537694, 0.785477], 
              [0.0936807, 0.0936807, 0.180155, 0.632483], 
              [0.120288, 0.000554324, 0.825388, 0.0537694], 
              [0.0138581, 0.000554324, 0.732262, 0.253326], 
              [0.359756, 0.200111, 0.200111, 0.240022], 
              [0.532705, 0.0670732, 0.0737251, 0.326497]
            ]
          }, {
            "db": 0,
            "id": "Athaliana-jaspar2016-AGL27-MA1012.1",
            "len": 15,
            "nsites": 45,
            "evalue": "8.1e-020",
            "pwm": [
              [0.459076, 0.0643486, 0.143095, 0.333481], 
              [0.0953437, 0.634146, 0.190133, 0.0803769], 
              [0.00155211, 0.0464523, 0.00155211, 0.950443], 
              [0.00155211, 0.00155211, 0.00155211, 0.995344], 
              [0.158204, 0.00155211, 0.0155211, 0.824723], 
              [0.00155211, 0.995344, 0.00155211, 0.00155211], 
              [0.00155211, 0.331818, 0.00155211, 0.665078], 
              [0.775831, 0.00155211, 0.00155211, 0.221064], 
              [0.268958, 0.0474501, 0.00155211, 0.68204], 
              [0.0783814, 0.00155211, 0.00155211, 0.918514], 
              [0.0314856, 0.00155211, 0.00155211, 0.96541], 
              [0.127273, 0.222062, 0.0165188, 0.634146], 
              [0.0793792, 0.143237, 0.34878, 0.428603], 
              [0.300887, 0.00155211, 0.666075, 0.0314856], 
              [0.0953437, 0.00155211, 0.649113, 0.253991]
            ]
          }, {
            "db": 0,
            "id": "Athaliana-jaspar2016-AGL3-MA0001.1",
            "len": 10,
            "nsites": 45,
            "evalue": "8.1e-020",
            "pwm": [
              [0.000554324, 0.967478, 0.0108407, 0.0211272], 
              [0.0314136, 0.772036, 0.000554324, 0.195996], 
              [0.813181, 0.0417, 0.0314136, 0.113705], 
              [0.412011, 0.0314136, 0.0417, 0.514875], 
              [0.679458, 0.0108407, 0.0108407, 0.29886], 
              [0.494302, 0.0211272, 0.000554324, 0.484016], 
              [0.669172, 0.0519864, 0.0519864, 0.226856], 
              [0.113705, 0.0211272, 0.0314136, 0.833754], 
              [0.669172, 0.0314136, 0.288574, 0.0108407], 
              [0.000554324, 0.0314136, 0.905759, 0.0622728]
            ]
          }, {
            "db": 0,
            "id": "Athaliana-jaspar2016-AGL3-MA0001.2",
            "len": 18,
            "nsites": 45,
            "evalue": "8.1e-020",
            "pwm": [
              [0.23162, 0.305141, 0.357656, 0.105584], 
              [0.168602, 0.0950811, 0.305141, 0.431176], 
              [0.263129, 0.0845781, 0.0425662, 0.609727], 
              [0.284135, 0.168602, 0.137093, 0.41017], 
              [0.000554324, 0.966828, 0.000554324, 0.0320633], 
              [0.000554324, 0.830289, 0.000554324, 0.168602], 
              [0.861798, 0.0110573, 0.0215603, 0.105584], 
              [0.420673, 0.0425662, 0.0320633, 0.504697], 
              [0.588721, 0.000554324, 0.0110573, 0.399667], 
              [0.368158, 0.000554324, 0.000554324, 0.630733], 
              [0.683248, 0.0110573, 0.0425662, 0.263129], 
              [0.263129, 0.0425662, 0.0320633, 0.662242], 
              [0.672745, 0.000554324, 0.294638, 0.0320633], 
              [0.000554324, 0.000554324, 0.966828, 0.0320633], 
              [0.347153, 0.147596, 0.158099, 0.347153], 
              [0.546709, 0.0530692, 0.0740752, 0.326147], 
              [0.473188, 0.242123, 0.137093, 0.147596], 
              [0.221117, 0.252626, 0.273632, 0.252626]
            ]
          }, {
            "db": 0,
            "id": "Athaliana-jaspar2016-AIB-MA0959.1",
            "len": 8,
            "nsites": 45,
            "evalue": "8.1e-020",
            "pwm": [
              [0.0764617, 0.0145373, 0.900456, 0.00854458], 
              [0.0593647, 0.936536, 0.00155111, 0.0025479], 
              [0.964412, 0.00155211, 0.0284922, 0.00554324], 
              [0.000554324, 0.902454, 0.00255189, 0.0944398], 
              [0.0944398, 0.00255189, 0.902454, 0.000554324], 
              [0.00554324, 0.0284922, 0.00155211, 0.964412], 
              [0.0025479, 0.00155111, 0.936536, 0.0593647], 
              [0.00854458, 0.900456, 0.0145373, 0.0764617]
            ]
          }, {
            "db": 0,
            "id": "Athaliana-jaspar2016-AP1-MA0940.1",
            "len": 12,
            "nsites": 45,
            "evalue": "8.1e-020",
            "pwm": [
              [0.225055, 0.693016, 0.0105322, 0.0713969], 
              [0.0334812, 0.621175, 0.0105322, 0.334812], 
              [0.77184, 0.0155211, 0.0644124, 0.148226], 
              [0.71796, 0.0145233, 0.0274945, 0.240022], 
              [0.963415, 0.00853659, 0.00853659, 0.0195122], 
              [0.731929, 0.00454545, 0.00454545, 0.25898], 
              [0.631153, 0.0354767, 0.147228, 0.186142], 
              [0.125277, 0.0424612, 0.147228, 0.685033], 
              [0.0783814, 0.0155211, 0.888581, 0.0175166], 
              [0.0454545, 0.0135255, 0.860643, 0.0803769], 
              [0.665078, 0.0364745, 0.132262, 0.166186], 
              [0.788803, 0.0733925, 0.0813747, 0.0564302]
            ]
          }, {
            "db": 0,
            "id": "Athaliana-jaspar2016-AP3-MA0556.1",
            "len": 15,
            "nsites": 45,
            "evalue": "8.1e-020",
            "pwm": [
              [0.316005, 0.123991, 0.0691305, 0.490874], 
              [0.288574, 0.113705, 0.134278, 0.463443], 
              [0.165137, 0.826897, 0.000554324, 0.00741194], 
              [0.000554324, 0.796037, 0.00398313, 0.199425], 
              [0.634884, 0.209712, 0.0382712, 0.117134], 
              [0.744605, 0.0759881, 0.0382712, 0.141135], 
              [0.970907, 0.000554324, 0.000554324, 0.0279848], 
              [0.823468, 0.00398313, 0.000554324, 0.171995], 
              [0.535448, 0.0348424, 0.35715, 0.0725593], 
              [0.326291, 0.000554324, 0.103419, 0.569736], 
              [0.336577, 0.00741194, 0.655456, 0.000554324], 
              [0.024556, 0.000554324, 0.974335, 0.000554324], 
              [0.628026, 0.192567, 0.0176984, 0.161708], 
              [0.792609, 0.0622728, 0.0314136, 0.113705], 
              [0.833754, 0.0314136, 0.0657016, 0.0691305]
            ]
          }, {
            "db": 0,
            "id": "Athaliana-jaspar2016-ATHB-5-MA0110.2",
            "len": 13,
            "nsites": 45,
            "evalue": "8.1e-020",
            "pwm": [
              [0.000554324, 0.299889, 0.399667, 0.299889], 
              [0.117941, 0.264673, 0.499446, 0.117941], 
              [0.0559867, 0.333149, 0.222284, 0.388581], 
              [0.0559867, 0.471729, 0.277716, 0.194568], 
              [0.000554324, 0.819248, 0.102891, 0.0773068], 
              [0.819248, 0.154059, 0.000554324, 0.0261385], 
              [0.998337, 0.000554324, 0.000554324, 0.000554324], 
              [0.000554324, 0.000554324, 0.000554324, 0.998337], 
              [0.0517227, 0.205228, 0.179644, 0.563406], 
              [0.998337, 0.000554324, 0.000554324, 0.000554324], 
              [0.000554324, 0.000554324, 0.000554324, 0.998337], 
              [0.000554324, 0.000554324, 0.000554324, 0.998337], 
              [0.000554324, 0.000554324, 0.873614, 0.125277]
            ]
          }, {
            "db": 0,
            "id": "Athaliana-jaspar2016-BEE2-MA0956.1",
            "len": 10,
            "nsites": 45,
            "evalue": "8.1e-020",
            "pwm": [
              [0.255987, 0.252993, 0.236031, 0.254989], 
              [0.211086, 0.229047, 0.341796, 0.218071], 
              [0.136253, 0.720953, 0.0384701, 0.104324], 
              [0.891574, 0.000554324, 0.0334812, 0.0743902], 
              [0.0235033, 0.818736, 0.000554324, 0.157206], 
              [0.157206, 0.000554324, 0.818736, 0.0235033], 
              [0.0743902, 0.0334812, 0.000554324, 0.891574], 
              [0.104324, 0.0384701, 0.720953, 0.136253], 
              [0.218071, 0.341796, 0.229047, 0.211086], 
              [0.254989, 0.236031, 0.252993, 0.255987]
            ]
          }, {
            "db": 0,
            "id": "Athaliana-jaspar2016-BHLH104-MA0960.1",
            "len": 10,
            "nsites": 45,
            "evalue": "8.1e-020",
            "pwm": [
              [0.130266, 0.0264967, 0.820732, 0.0225055], 
              [0.0155211, 0.0743902, 0.864634, 0.0454545], 
              [0.00654102, 0.99235, 0.000554324, 0.000554324], 
              [0.994346, 0.000554324, 0.00454545, 0.000554324], 
              [0.000554324, 0.997339, 0.000554324, 0.00155211], 
              [0.00155211, 0.000554324, 0.997339, 0.000554324], 
              [0.000554324, 0.00454545, 0.000554324, 0.994346], 
              [0.000554324, 0.000554324, 0.99235, 0.00654102], 
              [0.0454545, 0.864634, 0.0743902, 0.0155211], 
              [0.0225055, 0.820732, 0.0264967, 0.130266]
            ]
          }, {
            "db": 0,
            "id": "Athaliana-jaspar2016-BHLH13-MA0958.1",
            "len": 8,
            "nsites": 45,
            "evalue": "8.1e-020",
            "pwm": [
              [0.2949, 0.116297, 0.568293, 0.02051], 
              [0.0534368, 0.943459, 0.00155211, 0.00155211], 
              [0.989366, 0.0025479, 0.00354468, 0.00454147], 
              [0.00155211, 0.950443, 0.00155211, 0.0464523], 
              [0.015536, 0.00155311, 0.981358, 0.00155311], 
              [0.00454545, 0.00454545, 0.00155211, 0.989357], 
              [0.00155211, 0.00254989, 0.985366, 0.0105322], 
              [0.0384701, 0.695011, 0.0654102, 0.201109]
            ]
          }, {
            "db": 0,
            "id": "Athaliana-jaspar2016-BHLH3-MA0957.1",
            "len": 8,
            "nsites": 45,
            "evalue": "8.1e-020",
            "pwm": [
              [0.25824, 0.0944398, 0.60282, 0.0445007], 
              [0.0454545, 0.928492, 0.0145233, 0.0115299], 
              [0.949397, 0.00754579, 0.02053, 0.0225275], 
              [0.0105222, 0.934543, 0.0125158, 0.0424193], 
              [0.0424193, 0.0125158, 0.934543, 0.0105222], 
              [0.0225275, 0.02053, 0.00754579, 0.949397], 
              [0.0115299, 0.0145233, 0.928492, 0.0454545], 
              [0.0445007, 0.60282, 0.0944398, 0.25824]
            ]
          }, {
            "db": 0,
            "id": "Athaliana-jaspar2016-BHLH34-MA0962.1",
            "len": 8,
            "nsites": 45,
            "evalue": "8.1e-020",
            "pwm": [
              [0.154213, 0.0394678, 0.652106, 0.154213], 
              [0.000554324, 0.998337, 0.000554324, 0.000554324], 
              [0.725942, 0.000554324, 0.242018, 0.0314856], 
              [0.000554324, 0.846674, 0.000554324, 0.152217], 
              [0.000554324, 0.000554324, 0.998337, 0.000554324], 
              [0.000554324, 0.000554324, 0.000554324, 0.998337], 
              [0.000554324, 0.000554324, 0.998337, 0.000554324], 
              [0.0962458, 0.143095, 0.475024, 0.285635]
            ]
          }, {
            "db": 0,
            "id": "Athaliana-jaspar2016-BHLH78-MA0963.1",
            "len": 8,
            "nsites": 45,
            "evalue": "8.1e-020",
            "pwm": [
              [0.0105222, 0.0105222, 0.968433, 0.0105222], 
              [0.0105222, 0.968433, 0.0105222, 0.0105222], 
              [0.968433, 0.0105222, 0.0105222, 0.0105222], 
              [0.0105222, 0.968433, 0.0105222, 0.0105222], 
              [0.0105222, 0.0105222, 0.968433, 0.0105222], 
              [0.0105222, 0.0105222, 0.0105222, 0.968433], 
              [0.0105222, 0.0105222, 0.968433, 0.0105222], 
              [0.0105222, 0.968433, 0.0105222, 0.0105222]
            ]
          }, {
            "db": 0,
            "id": "Athaliana-jaspar2016-BIM1-MA0964.1",
            "len": 10,
            "nsites": 45,
            "evalue": "8.1e-020",
            "pwm": [
              [0.219069, 0.25, 0.280931, 0.25], 
              [0.126275, 0.654102, 0.10133, 0.118293], 
              [0.581845, 0.101431, 0.18433, 0.132393], 
              [0.0594235, 0.764856, 0.0235033, 0.152217], 
              [0.140244, 0.0624169, 0.793792, 0.00354767], 
              [0.00155211, 0.0235033, 0.000554324, 0.97439], 
              [0.00354468, 0.0025479, 0.987372, 0.00653504], 
              [0.374723, 0.300887, 0.148226, 0.176164], 
              [0.147082, 0.343449, 0.241777, 0.267693], 
              [0.256728, 0.261712, 0.256728, 0.224831]
            ]
          }, {
            "db": 0,
            "id": "Athaliana-jaspar2016-BIM2-MA0965.1",
            "len": 10,
            "nsites": 45,
            "evalue": "8.1e-020",
            "pwm": [
              [0.244013, 0.260976, 0.289911, 0.2051], 
              [0.167184, 0.143237, 0.372727, 0.316851], 
              [0.0534368, 0.895565, 0.00155211, 0.0494457], 
              [0.960421, 0.000554324, 0.0245011, 0.0145233], 
              [0.0225275, 0.884476, 0.000554324, 0.0924422], 
              [0.0924422, 0.000554324, 0.884476, 0.0225275], 
              [0.0145233, 0.0245011, 0.000554324, 0.960421], 
              [0.0494457, 0.00155211, 0.895565, 0.0534368], 
              [0.316851, 0.372727, 0.143237, 0.167184], 
              [0.2051, 0.289911, 0.260976, 0.244013]
            ]
          }, {
            "db": 0,
            "id": "Athaliana-jaspar2016-BIM3-MA0966.1",
            "len": 10,
            "nsites": 45,
            "evalue": "8.1e-020",
            "pwm": [
              [0.293902, 0.203104, 0.269956, 0.233038], 
              [0.159202, 0.165188, 0.432594, 0.243016], 
              [0.0744642, 0.820554, 0.00854458, 0.0964373], 
              [0.940466, 0.000554324, 0.0254989, 0.0334812], 
              [0.0155211, 0.916519, 0.000554324, 0.0674058], 
              [0.0674058, 0.000554324, 0.916519, 0.0155211], 
              [0.0334812, 0.0254989, 0.000554324, 0.940466], 
              [0.0964373, 0.00854458, 0.820554, 0.0744642], 
              [0.243016, 0.432594, 0.165188, 0.159202], 
              [0.233038, 0.269956, 0.203104, 0.293902]
            ]
          }, {
            "db": 0,
            "id": "Athaliana-jaspar2016-BZR1-MA0550.1",
            "len": 14,
            "nsites": 45,
            "evalue": "8.1e-020",
            "pwm": [
              [0.411406, 0.391842, 0.196198, 0.000554324], 
              [0.359234, 0.307063, 0.176634, 0.157069], 
              [0.196198, 0.130983, 0.33967, 0.333149], 
              [0.320106, 0.43097, 0.170112, 0.0788118], 
              [0.000554324, 0.998337, 0.000554324, 0.000554324], 
              [0.959208, 0.0135972, 0.000554324, 0.0266401], 
              [0.0396831, 0.959208, 0.000554324, 0.000554324], 
              [0.000554324, 0.000554324, 0.998337, 0.000554324], 
              [0.000554324, 0.000554324, 0.000554324, 0.998337], 
              [0.0396831, 0.0331616, 0.926601, 0.000554324], 
              [0.274455, 0.000554324, 0.254891, 0.470099], 
              [0.267934, 0.346191, 0.280977, 0.104898], 
              [0.274455, 0.398363, 0.144026, 0.183155], 
              [0.528792, 0.254891, 0.000554324, 0.215762]
            ]
          }, {
            "db": 0,
            "id": "Athaliana-jaspar2016-BZR2-MA0549.1",
            "len": 11,
            "nsites": 45,
            "evalue": "8.1e-020",
            "pwm": [
              [0.232362, 0.454092, 0.10134, 0.212205], 
              [0.413777, 0.0811832, 0.504485, 0.000554324], 
              [0.000554324, 0.998337, 0.000554324, 0.000554324], 
              [0.897551, 0.000554324, 0.0408688, 0.061026], 
              [0.000554324, 0.998337, 0.000554324, 0.000554324], 
              [0.000554324, 0.000554324, 0.998337, 0.000554324], 
              [0.000554324, 0.000554324, 0.000554324, 0.998337], 
              [0.0307902, 0.000554324, 0.968101, 0.000554324], 
              [0.161812, 0.0509474, 0.363384, 0.423856], 
              [0.171891, 0.333149, 0.464171, 0.0307902], 
              [0.363384, 0.292834, 0.333149, 0.0106329]
            ]
          }, {
            "db": 0,
            "id": "Athaliana-jaspar2016-CDC5-MA0579.1",
            "len": 11,
            "nsites": 45,
            "evalue": "8.1e-020",
            "pwm": [
              [0.282755, 0.242441, 0.32307, 0.151734], 
              [0.170177, 0.259978, 0.549335, 0.02051], 
              [0.000554324, 0.918514, 0.0404656, 0.0404656], 
              [0.02051, 0.02051, 0.000554324, 0.958426], 
              [0.061026, 0.857236, 0.000554324, 0.0811832], 
              [0.917708, 0.0207116, 0.0207116, 0.0408688], 
              [0.0207116, 0.000554324, 0.937865, 0.0408688], 
              [0.02051, 0.928492, 0.0504435, 0.000554324], 
              [0.0408688, 0.0408688, 0.917708, 0.000554324], 
              [0.02051, 0.549335, 0.269956, 0.1602], 
              [0.180155, 0.230044, 0.449557, 0.140244]
            ]
          }, {
            "db": 0,
