<!DOCTYPE HTML>
<html>
  <head>
    <meta charset="UTF-8">
    <title>TOMTOM</title>
    <script>
      // @JSON_VAR data
      var data = {
        "program": "Tomtom",
        "version": "4.11.3",
        "release": "Sat Mar 11 20:16:08 2017 -0800",
        "cmd": [
          "tomtom", "-oc", "./hocomoco_jaspar", "ten.hocomoco.meme",
          "all.jaspar.meme"
        ],
        "options": {
          "strands": "both",
          "distance_measure": "ed",
          "threshold_type": "qvalue",
          "threshold_value": 0.5,
          "background_source": "first_target"
        },
        "alphabet": {
          "name": "DNA",
          "like": "dna",
          "ncore": 4,
          "symbols": [
            {
              "symbol": "A",
              "name": "Adenine",
              "colour": "CC0000",
              "complement": "T"
            }, {
              "symbol": "C",
              "name": "Cytosine",
              "colour": "0000CC",
              "complement": "G"
            }, {
              "symbol": "G",
              "name": "Guanine",
              "colour": "FFB300",
              "complement": "C"
            }, {
              "symbol": "T",
              "aliases": "U",
              "name": "Thymine",
              "colour": "008000",
              "complement": "A"
            }, {
              "symbol": "N",
              "aliases": "X.",
              "name": "Any base",
              "equals": "ACGT"
            }, {
              "symbol": "V",
              "name": "Not T",
              "equals": "ACG"
            }, {
              "symbol": "H",
              "name": "Not G",
              "equals": "ACT"
            }, {
              "symbol": "D",
              "name": "Not C",
              "equals": "AGT"
            }, {
              "symbol": "B",
              "name": "Not A",
              "equals": "CGT"
            }, {
              "symbol": "M",
              "name": "Amino",
              "equals": "AC"
            }, {
              "symbol": "R",
              "name": "Purine",
              "equals": "AG"
            }, {
              "symbol": "W",
              "name": "Weak",
              "equals": "AT"
            }, {
              "symbol": "S",
              "name": "Strong",
              "equals": "CG"
            }, {
              "symbol": "Y",
              "name": "Pyrimidine",
              "equals": "CT"
            }, {
              "symbol": "K",
              "name": "Keto",
              "equals": "GT"
            }
          ]
        },
        "background": [0.25, 0.25, 0.25, 0.25],
        "query_dbs": [
          {
            "source": "ten.hocomoco.meme",
            "name": "ten.hocomoco",
            "loaded": 10,
            "excluded": 0,
            "last_modified": "Fri Jun 16 15:14:49 2017"
          }
        ],
        "target_dbs": [
          {
            "source": "all.jaspar.meme",
            "name": "all.jaspar",
            "loaded": 1209,
            "excluded": 0,
            "last_modified": "Fri Jun 16 15:07:56 2017"
          }
        ],
        "queries": [
          {
            "db": 0,
            "id": "Hsapiens-HOCOMOCOv10-AHR_HUMAN.H10MO.B",
            "len": 9,
            "nsites": 45,
            "evalue": "8.1e-020",
            "pwm": [
              [0.266198, 0.117178, 0.363384, 0.25324], 
              [0.0718245, 0.0783036, 0.227323, 0.622549], 
              [0.143095, 0.285635, 0.136616, 0.434655], 
              [0.0199916, 0.00703343, 0.946504, 0.0264708], 
              [0.00703343, 0.972421, 0.00703343, 0.0135125], 
              [0.0199916, 0.00703343, 0.965941, 0.00703343], 
              [0.000554324, 0.0199916, 0.00703343, 0.972421], 
              [0.000554324, 0.000554324, 0.998337, 0.000554324], 
              [0.279156, 0.434655, 0.10422, 0.181969]
            ]
          }, {
            "db": 0,
            "id": "Hsapiens-HOCOMOCOv10-AIRE_HUMAN.H10MO.C",
            "len": 18,
            "nsites": 45,
            "evalue": "8.1e-020",
            "pwm": [
              [0.389933, 0.268252, 0.122235, 0.21958], 
              [0.195244, 0.195244, 0.146571, 0.462941], 
              [0.146571, 0.146571, 0.195244, 0.511614], 
              [0.0492267, 0.000554324, 0.876656, 0.0735628], 
              [0.000554324, 0.000554324, 0.803648, 0.195244], 
              [0.316924, 0.0492267, 0.0248905, 0.608958], 
              [0.389933, 0.097899, 0.0248905, 0.487278], 
              [0.365597, 0.146571, 0.146571, 0.341261], 
              [0.341261, 0.0735628, 0.146571, 0.438605], 
              [0.511614, 0.097899, 0.146571, 0.243916], 
              [0.389933, 0.0492267, 0.0735628, 0.487278], 
              [0.21958, 0.146571, 0.0735628, 0.560286], 
              [0.000554324, 0.0248905, 0.876656, 0.097899], 
              [0.000554324, 0.000554324, 0.974001, 0.0248905], 
              [0.21958, 0.097899, 0.243916, 0.438605], 
              [0.0735628, 0.195244, 0.195244, 0.53595], 
              [0.438605, 0.0248905, 0.170907, 0.365597], 
              [0.414269, 0.268252, 0.097899, 0.21958]
            ]
          }, {
            "db": 0,
            "id": "Hsapiens-HOCOMOCOv10-ALX1_HUMAN.H10MO.B",
            "len": 12,
            "nsites": 45,
            "evalue": "8.1e-020",
            "pwm": [
              [0.451166, 0.193674, 0.258047, 0.0971139], 
              [0.0649274, 0.0971139, 0.000554324, 0.837404], 
              [0.773031, 0.0327409, 0.0971139, 0.0971139], 
              [0.869591, 0.0649274, 0.000554324, 0.0649274], 
              [0.000554324, 0.0971139, 0.000554324, 0.901777], 
              [0.0327409, 0.22586, 0.1293, 0.612099], 
              [0.483352, 0.000554324, 0.515539, 0.000554324], 
              [0.354606, 0.258047, 0.354606, 0.0327409], 
              [0.773031, 0.000554324, 0.1293, 0.0971139], 
              [0.0971139, 0.000554324, 0.0327409, 0.869591], 
              [0.0649274, 0.0327409, 0.0327409, 0.869591], 
              [0.805218, 0.0649274, 0.0649274, 0.0649274]
            ]
          }, {
            "db": 0,
            "id": "Hsapiens-HOCOMOCOv10-ALX3_HUMAN.H10MO.D",
            "len": 11,
            "nsites": 45,
            "evalue": "8.1e-020",
            "pwm": [
              [0.0967466, 0.0578578, 0.0461063, 0.799289], 
              [0.73605, 0.0309627, 0.0616134, 0.171374], 
              [0.936915, 0.0193324, 0.0207862, 0.0229669], 
              [0.0511946, 0.132364, 0.158896, 0.657545], 
              [0.0219977, 0.411855, 0.0898411, 0.476306], 
              [0.000554324, 0.294946, 0.00225041, 0.702249], 
              [0.865315, 0.0171517, 0.110073, 0.00745981], 
              [0.993612, 0.000796622, 0.00455224, 0.00103892], 
              [0.000554324, 0.000675473, 0.000554324, 0.998216], 
              [0.051558, 0.013275, 0.00140237, 0.933765], 
              [0.89742, 0.0130327, 0.0297512, 0.0597962]
            ]
          }, {
            "db": 0,
            "id": "Hsapiens-HOCOMOCOv10-ALX4_HUMAN.H10MO.D",
            "len": 12,
            "nsites": 45,
            "evalue": "8.1e-020",
            "pwm": [
              [0.00983482, 0.00596795, 0.00549533, 0.978702], 
              [0.969121, 0.0044212, 0.0105223, 0.0159359], 
              [0.989615, 0.00304631, 0.00416341, 0.00317521], 
              [0.00940517, 0.0300285, 0.00966296, 0.950903], 
              [0.00158549, 0.389261, 0.0185138, 0.590639], 
              [0.000554324, 0.214951, 0.000554324, 0.78394], 
              [0.953266, 0.00124177, 0.0445937, 0.000898046], 
              [0.99795, 0.000597289, 0.000898046, 0.000554324], 
              [0.000554324, 0.000597289, 0.000554324, 0.998294], 
              [0.00360486, 0.00137066, 0.00076915, 0.994255], 
              [0.990861, 0.00158549, 0.002187, 0.00536644], 
              [0.38041, 0.138731, 0.313986, 0.166873]
            ]
          }, {
            "db": 0,
            "id": "Hsapiens-HOCOMOCOv10-ANDR_HUMAN.H10MO.A",
            "len": 17,
            "nsites": 45,
            "evalue": "8.1e-020",
            "pwm": [
              [0.402524, 0.0229993, 0.290299, 0.284178], 
              [0.0454443, 0.00259478, 0.74124, 0.210721], 
              [0.143386, 0.267854, 0.247449, 0.34131], 
              [0.757563, 0.0678894, 0.0536062, 0.120941], 
              [0.00259478, 0.867748, 0.0780916, 0.0515657], 
              [0.620853, 0.039323, 0.0923748, 0.247449], 
              [0.0719703, 0.29438, 0.327027, 0.306623], 
              [0.286218, 0.192357, 0.153588, 0.367836], 
              [0.149508, 0.455576, 0.222964, 0.171953], 
              [0.100537, 0.0229993, 0.00463523, 0.871829], 
              [0.0311612, 0.0209589, 0.945285, 0.00259478], 
              [0.0250398, 0.0372825, 0.0127971, 0.924881], 
              [0.176033, 0.122982, 0.084213, 0.616772], 
              [0.0107566, 0.863667, 0.00463523, 0.120941], 
              [0.0740107, 0.47394, 0.0229993, 0.42905], 
              [0.247449, 0.227045, 0.129103, 0.396403], 
              [0.180114, 0.110739, 0.318865, 0.390281]
            ]
          }, {
            "db": 0,
            "id": "Hsapiens-HOCOMOCOv10-AP2A_HUMAN.H10MO.C",
            "len": 15,
            "nsites": 45,
            "evalue": "8.1e-020",
            "pwm": [
              [0.413636, 0.186142, 0.194124, 0.206098], 
              [0.23204, 0.0923503, 0.134257, 0.541353], 
              [0.176164, 0.0963415, 0.469512, 0.257982], 
              [0.0105322, 0.519401, 0.431596, 0.0384701], 
              [0.000554324, 0.998337, 0.000554324, 0.000554324], 
              [0.000554324, 0.898559, 0.000554324, 0.100333], 
              [0.0504435, 0.112306, 0.0145233, 0.822727], 
              [0.00254989, 0.000554324, 0.794789, 0.202106], 
              [0.535366, 0.0384701, 0.409645, 0.0165188], 
              [0.142239, 0.000554324, 0.854656, 0.00254989], 
              [0.000554324, 0.000554324, 0.998337, 0.000554324], 
              [0.0484479, 0.555322, 0.379712, 0.0165188], 
              [0.307871, 0.381707, 0.0923503, 0.218071], 
              [0.511419, 0.0943459, 0.204102, 0.190133], 
              [0.238027, 0.150222, 0.208093, 0.403659]
            ]
          }, {
            "db": 0,
            "id": "Hsapiens-HOCOMOCOv10-AP2B_HUMAN.H10MO.B",
            "len": 10,
            "nsites": 45,
            "evalue": "8.1e-020",
            "pwm": [
              [0.0361894, 0.000554324, 0.784526, 0.17873], 
              [0.000554324, 0.641986, 0.25, 0.10746], 
              [0.000554324, 0.962702, 0.000554324, 0.0361894], 
              [0.10746, 0.570716, 0.000554324, 0.32127], 
              [0.0718245, 0.0361894, 0.891432, 0.000554324], 
              [0.32127, 0.32127, 0.356905, 0.000554324], 
              [0.0718245, 0.0361894, 0.855797, 0.0361894], 
              [0.000554324, 0.000554324, 0.998337, 0.000554324], 
              [0.17873, 0.10746, 0.677621, 0.0361894], 
              [0.214365, 0.428175, 0.25, 0.10746]
            ]
          }, {
            "db": 0,
            "id": "Hsapiens-HOCOMOCOv10-AP2C_HUMAN.H10MO.A",
            "len": 14,
            "nsites": 45,
            "evalue": "8.1e-020",
            "pwm": [
              [0.385698, 0.202106, 0.269956, 0.142239], 
              [0.19612, 0.124279, 0.166186, 0.513415], 
              [0.184146, 0.100333, 0.517406, 0.198115], 
              [0.0105322, 0.505432, 0.471508, 0.0125277], 
              [0.00454545, 0.986364, 0.00853659, 0.000554324], 
              [0.00254989, 0.950443, 0.00254989, 0.0444568], 
              [0.0504435, 0.132262, 0.0264967, 0.790798], 
              [0.0364745, 0.000554324, 0.914523, 0.0484479], 
              [0.553326, 0.0264967, 0.415632, 0.00454545], 
              [0.0743902, 0.000554324, 0.922506, 0.00254989], 
              [0.000554324, 0.000554324, 0.996341, 0.00254989], 
              [0.0284922, 0.617184, 0.341796, 0.0125277], 
              [0.313858, 0.349778, 0.098337, 0.238027], 
              [0.427605, 0.170177, 0.242018, 0.1602]
            ]
          }, {
            "db": 0,
            "id": "Hsapiens-HOCOMOCOv10-AP2D_HUMAN.H10MO.D",
            "len": 14,
            "nsites": 45,
            "evalue": "8.1e-020",
            "pwm": [
              [0.200111, 0.399667, 0.200111, 0.200111], 
              [0.000554324, 0.000554324, 0.998337, 0.000554324], 
              [0.000554324, 0.599224, 0.200111, 0.200111], 
              [0.000554324, 0.998337, 0.000554324, 0.000554324], 
              [0.000554324, 0.599224, 0.000554324, 0.399667], 
              [0.000554324, 0.000554324, 0.998337, 0.000554324], 
              [0.399667, 0.200111, 0.399667, 0.000554324], 
              [0.000554324, 0.000554324, 0.998337, 0.000554324], 
              [0.000554324, 0.000554324, 0.998337, 0.000554324], 
              [0.000554324, 0.79878, 0.200111, 0.000554324], 
              [0.200111, 0.200111, 0.399667, 0.200111], 
              [0.000554324, 0.79878, 0.200111, 0.000554324], 
              [0.000554324, 0.200111, 0.79878, 0.000554324], 
              [0.200111, 0.200111, 0.000554324, 0.599224]
            ]
          }
        ],
        "targets": [
          {
            "db": 0,
            "id": "Amajus-jaspar2016-bZIP911-MA0097.1",
            "len": 12,
            "nsites": 45,
            "evalue": "8.1e-020",
            "pwm": [
              [0.0307902, 0.000554324, 0.937865, 0.0307902], 
              [0.514564, 0.000554324, 0.484328, 0.000554324], 
              [0.000554324, 0.000554324, 0.000554324, 0.998337], 
              [0.000554324, 0.000554324, 0.998337, 0.000554324], 
              [0.998337, 0.000554324, 0.000554324, 0.000554324], 
              [0.000554324, 0.998337, 0.000554324, 0.000554324], 
              [0.000554324, 0.000554324, 0.998337, 0.000554324], 
              [0.000554324, 0.000554324, 0.000554324, 0.998337], 
              [0.000554324, 0.0307902, 0.968101, 0.000554324], 
              [0.0307902, 0.000554324, 0.665743, 0.302913], 
              [0.333149, 0.605271, 0.0307902, 0.0307902], 
              [0.0307902, 0.968101, 0.000554324, 0.000554324]
            ]
          }, {
            "db": 0,
            "id": "Athaliana-jaspar2016-ABF2-MA0941.1",
            "len": 13,
            "nsites": 45,
            "evalue": "8.1e-020",
            "pwm": [
              [0.230812, 0.307564, 0.230812, 0.230812], 
              [0.307564, 0.230812, 0.230812, 0.230812], 
              [0.191131, 0.26796, 0.191131, 0.349778], 
              [0.27422, 0.120408, 0.403063, 0.202308], 
              [0.698004, 0.177162, 0.103326, 0.0215078], 
              [0.000554324, 0.839531, 0.000554324, 0.159361], 
              [0.998337, 0.000554324, 0.000554324, 0.000554324], 
              [0.000554324, 0.916437, 0.000554324, 0.0824544], 
              [0.0195312, 0.0195312, 0.941406, 0.0195312], 
              [0.0195312, 0.0195312, 0.0195312, 0.941406], 
              [0.218071, 0.0594235, 0.663082, 0.0594235], 
              [0.21287, 0.130136, 0.286632, 0.370362], 
              [0.229275, 0.229275, 0.229275, 0.312174]
            ]
          }, {
            "db": 0,
            "id": "Athaliana-jaspar2016-ABI3-MA0564.1",
            "len": 9,
            "nsites": 45,
            "evalue": "8.1e-020",
            "pwm": [
              [0.0604213, 0.599224, 0.0903548, 0.25], 
              [0.151734, 0.161812, 0.151734, 0.534721], 
              [0.0304878, 0.0703991, 0.84867, 0.0504435], 
              [0.0105322, 0.958426, 0.02051, 0.0105322], 
              [0.968404, 0.0105322, 0.0105322, 0.0105322], 
              [0.0105322, 0.0105322, 0.0105322, 0.968404], 
              [0.0106329, 0.0106329, 0.968101, 0.0106329], 
              [0.0604213, 0.838692, 0.0803769, 0.02051], 
              [0.499446, 0.150222, 0.130266, 0.220067]
            ]
          }, {
            "db": 0,
            "id": "Athaliana-jaspar2016-ABI5-MA0931.1",
            "len": 10,
            "nsites": 45,
            "evalue": "8.1e-020",
            "pwm": [
              [0.180973, 0.256728, 0.256728, 0.305571], 
              [0.0872747, 0.0872747, 0.658433, 0.167018], 
              [0.607206, 0.313858, 0.000554324, 0.0783814], 
              [0.000554324, 0.92051, 0.0783814, 0.000554324], 
              [0.998337, 0.000554324, 0.000554324, 0.000554324], 
              [0.000554324, 0.998337, 0.000554324, 0.000554324], 
              [0.000554324, 0.000554324, 0.998337, 0.000554324], 
              [0.000554324, 0.000554324, 0.000554324, 0.998337], 
              [0.152066, 0.0703293, 0.707276, 0.0703293], 
              [0.164027, 0.164027, 0.336471, 0.335474]
            ]
          }, {
            "db": 0,
            "id": "Athaliana-jaspar2016-AG-MA0005.1",
            "len": 11,
            "nsites": 45,
            "evalue": "8.1e-020",
            "pwm": [
              [0.000554324, 0.965078, 0.0227273, 0.0116408], 
              [0.0227273, 0.953991, 0.000554324, 0.0227273], 
              [0.42184, 0.100333, 0.0781596, 0.399667], 
              [0.676829, 0.0559867, 0.0227273, 0.244457], 
              [0.809867, 0.0116408, 0.0116408, 0.166851], 
              [0.344235, 0.0338137, 0.0449002, 0.577051], 
              [0.255543, 0.177938, 0.189024, 0.377494], 
              [0.222284, 0.144678, 0.288803, 0.344235], 
              [0.244457, 0.000554324, 0.710089, 0.0449002], 
              [0.0116408, 0.000554324, 0.909645, 0.0781596], 
              [0.299889, 0.277716, 0.100333, 0.322062]
            ]
          }, {
            "db": 0,
            "id": "Athaliana-jaspar2016-AG-MA0005.2",
            "len": 18,
            "nsites": 45,
            "evalue": "8.1e-020",
            "pwm": [
              [0.318031, 0.302913, 0.0912618, 0.287795], 
              [0.136616, 0.0459081, 0.0459081, 0.771568], 
              [0.151734, 0.000554324, 0.0156722, 0.83204], 
              [0.438974, 0.121498, 0.121498, 0.318031], 
              [0.000554324, 0.998337, 0.000554324, 0.000554324], 
              [0.000554324, 0.983219, 0.000554324, 0.0156722], 
              [0.46921, 0.0459081, 0.0912618, 0.39362], 
              [0.711097, 0.0307902, 0.000554324, 0.257559], 
              [0.786686, 0.000554324, 0.0156722, 0.197087], 
              [0.378502, 0.000554324, 0.0156722, 0.605271], 
              [0.257559, 0.227323, 0.166851, 0.348266], 
              [0.287795, 0.121498, 0.302913, 0.287795], 
              [0.10638, 0.000554324, 0.862276, 0.0307902], 
              [0.0307902, 0.000554324, 0.816922, 0.151734], 
              [0.333149, 0.257559, 0.0761439, 0.333149], 
              [0.680861, 0.061026, 0.0761439, 0.181969], 
              [0.605271, 0.0912618, 0.136616, 0.166851], 
              [0.227323, 0.151734, 0.242441, 0.378502]
            ]
          }, {
            "db": 0,
            "id": "Athaliana-jaspar2016-AGL1-MA0585.1",
            "len": 18,
            "nsites": 45,
            "evalue": "8.1e-020",
            "pwm": [
              [0.322915, 0.16941, 0.230812, 0.276863], 
              [0.18476, 0.0926573, 0.138709, 0.583873], 
              [0.0619563, 0.0159048, 0.138709, 0.78343], 
              [0.322915, 0.0773068, 0.338265, 0.261513], 
              [0.000554324, 0.998337, 0.000554324, 0.000554324], 
              [0.0159048, 0.967636, 0.0159048, 0.000554324], 
              [0.461069, 0.0926573, 0.108008, 0.338265], 
              [0.47642, 0.0619563, 0.123358, 0.338265], 
              [0.645275, 0.0159048, 0.0159048, 0.322915], 
              [0.399667, 0.0466058, 0.0312553, 0.522471], 
              [0.215461, 0.215461, 0.138709, 0.430368], 
              [0.230812, 0.123358, 0.430368, 0.215461], 
              [0.108008, 0.000554324, 0.860183, 0.0312553], 
              [0.0619563, 0.000554324, 0.860183, 0.0773068], 
              [0.399667, 0.0926573, 0.0773068, 0.430368], 
              [0.737378, 0.154059, 0.0619563, 0.0466058], 
              [0.599224, 0.138709, 0.123358, 0.138709], 
              [0.276863, 0.230812, 0.292214, 0.200111]
            ]
          }, {
            "db": 0,
            "id": "Athaliana-jaspar2016-AGL3-MA0001.1",
            "len": 10,
            "nsites": 45,
            "evalue": "8.1e-020",
            "pwm": [
              [0.000554324, 0.967478, 0.0108407, 0.0211272], 
              [0.0314136, 0.772036, 0.000554324, 0.195996], 
              [0.813181, 0.0417, 0.0314136, 0.113705], 
              [0.412011, 0.0314136, 0.0417, 0.514875], 
              [0.679458, 0.0108407, 0.0108407, 0.29886], 
              [0.494302, 0.0211272, 0.000554324, 0.484016], 
              [0.669172, 0.0519864, 0.0519864, 0.226856], 
              [0.113705, 0.0211272, 0.0314136, 0.833754], 
              [0.669172, 0.0314136, 0.288574, 0.0108407], 
              [0.000554324, 0.0314136, 0.905759, 0.0622728]
            ]
          }, {
            "db": 0,
            "id": "Athaliana-jaspar2016-AGL3-MA0001.2",
            "len": 18,
            "nsites": 45,
            "evalue": "8.1e-020",
            "pwm": [
              [0.23162, 0.305141, 0.357656, 0.105584], 
              [0.168602, 0.0950811, 0.305141, 0.431176], 
              [0.263129, 0.0845781, 0.0425662, 0.609727], 
              [0.284135, 0.168602, 0.137093, 0.41017], 
              [0.000554324, 0.966828, 0.000554324, 0.0320633], 
              [0.000554324, 0.830289, 0.000554324, 0.168602], 
              [0.861798, 0.0110573, 0.0215603, 0.105584], 
              [0.420673, 0.0425662, 0.0320633, 0.504697], 
              [0.588721, 0.000554324, 0.0110573, 0.399667], 
              [0.368158, 0.000554324, 0.000554324, 0.630733], 
              [0.683248, 0.0110573, 0.0425662, 0.263129], 
              [0.263129, 0.0425662, 0.0320633, 0.662242], 
              [0.672745, 0.000554324, 0.294638, 0.0320633], 
              [0.000554324, 0.000554324, 0.966828, 0.0320633], 
              [0.347153, 0.147596, 0.158099, 0.347153], 
              [0.546709, 0.0530692, 0.0740752, 0.326147], 
              [0.473188, 0.242123, 0.137093, 0.147596], 
              [0.221117, 0.252626, 0.273632, 0.252626]
            ]
          }, {
            "db": 0,
            "id": "Athaliana-jaspar2016-AHL12-MA0932.1",
            "len": 8,
            "nsites": 45,
            "evalue": "8.1e-020",
            "pwm": [
              [0.770843, 0.0185144, 0.146231, 0.0644124], 
              [0.841685, 0.0354767, 0.0245011, 0.098337], 
              [0.483481, 0.0145233, 0.00554324, 0.496452], 
              [0.331487, 0.00653504, 0.00354468, 0.658433], 
              [0.658433, 0.00354468, 0.00653504, 0.331487], 
              [0.496452, 0.00554324, 0.0145233, 0.483481], 
              [0.098337, 0.0245011, 0.0354767, 0.841685], 
              [0.0644124, 0.146231, 0.0185144, 0.770843]
            ]
          }, {
            "db": 0,
            "id": "Athaliana-jaspar2016-AHL20-MA0933.1",
            "len": 8,
            "nsites": 45,
            "evalue": "8.1e-020",
            "pwm": [
              [0.772067, 0.0663422, 0.0733197, 0.0882715], 
              [0.752637, 0.00654701, 0.00554823, 0.235268], 
              [0.120408, 0.00454945, 0.0135385, 0.861504], 
              [0.25, 0.00654102, 0.00654102, 0.736918], 
              [0.772838, 0.00454545, 0.00454545, 0.218071], 
              [0.841685, 0.00853659, 0.00155211, 0.148226], 
              [0.647118, 0.0125277, 0.00354767, 0.336807], 
              [0.0544346, 0.0284922, 0.0185144, 0.898559]
            ]
          }, {
            "db": 0,
            "id": "Athaliana-jaspar2016-AHL25-MA0934.1",
            "len": 8,
            "nsites": 45,
            "evalue": "8.1e-020",
            "pwm": [
              [0.870621, 0.0264967, 0.0534368, 0.0494457], 
              [0.614574, 0.00454147, 0.00653504, 0.374349], 
              [0.207095, 0.00454545, 0.00354767, 0.784812], 
              [0.225055, 0.00354767, 0.00254989, 0.768847], 
              [0.768847, 0.00254989, 0.00354767, 0.225055], 
              [0.784812, 0.00354767, 0.00454545, 0.207095], 
              [0.374349, 0.00653504, 0.00454147, 0.614574], 
              [0.0494457, 0.0534368, 0.0264967, 0.870621]
            ]
          }, {
            "db": 0,
            "id": "Athaliana-jaspar2016-ANT-MA0571.1",
            "len": 21,
            "nsites": 45,
            "evalue": "8.1e-020",
            "pwm": [
              [0.176634, 0.117941, 0.352713, 0.352713], 
              [0.147287, 0.20598, 0.382059, 0.264673], 
              [0.235327, 0.000554324, 0.704872, 0.0592474], 
              [0.000554324, 0.939644, 0.000554324, 0.0592474], 
              [0.910297, 0.000554324, 0.0592474, 0.0299009], 
              [0.000554324, 0.998337, 0.000554324, 0.000554324], 
              [0.616832, 0.000554324, 0.382059, 0.000554324], 
              [0.235327, 0.176634, 0.440753, 0.147287], 
              [0.440753, 0.0299009, 0.0299009, 0.499446], 
              [0.000554324, 0.088594, 0.000554324, 0.910297], 
              [0.117941, 0.734218, 0.000554324, 0.147287], 
              [0.000554324, 0.998337, 0.000554324, 0.000554324], 
              [0.000554324, 0.96899, 0.000554324, 0.0299009], 
              [0.264673, 0.323366, 0.382059, 0.0299009], 
              [0.998337, 0.000554324, 0.000554324, 0.000554324], 
              [0.20598, 0.0299009, 0.470099, 0.29402], 
              [0.088594, 0.0299009, 0.851604, 0.0299009], 
              [0.0592474, 0.29402, 0.088594, 0.558139], 
              [0.235327, 0.176634, 0.411406, 0.176634], 
              [0.352713, 0.29402, 0.117941, 0.235327], 
              [0.558139, 0.117941, 0.088594, 0.235327]
            ]
          }, {
            "db": 0,
            "id": "Athaliana-jaspar2016-ATHB-12-MA0950.1",
            "len": 8,
            "nsites": 45,
            "evalue": "8.1e-020",
            "pwm": [
              [0.577693, 0.19094, 0.10721, 0.124156], 
              [0.667073, 0.0464523, 0.0534368, 0.233038], 
              [0.0185144, 0.0354767, 0.00654102, 0.939468], 
              [0.0484479, 0.201109, 0.632151, 0.118293], 
              [0.963415, 0.0075388, 0.0155211, 0.0135255], 
              [0.00953437, 0.00853659, 0.0175166, 0.964412], 
              [0.0305178, 0.0105421, 0.0195312, 0.939409], 
              [0.128271, 0.0185144, 0.764856, 0.0883592]
            ]
          }, {
            "db": 0,
            "id": "Athaliana-jaspar2016-ATHB-15-MA1026.1",
            "len": 8,
            "nsites": 45,
            "evalue": "8.1e-020",
            "pwm": [
              [0.0933481, 0.172173, 0.0604213, 0.674058], 
              [0.720953, 0.193126, 0.0574279, 0.0284922], 
              [0.925426, 0.0325153, 0.015536, 0.0265226], 
              [0.0464523, 0.0105322, 0.0165188, 0.926497], 
              [0.27422, 0.0624788, 0.282211, 0.38109], 
              [0.926497, 0.0165188, 0.0105322, 0.0464523], 
              [0.0265226, 0.015536, 0.0325153, 0.925426], 
              [0.0284922, 0.0574279, 0.193126, 0.720953]
            ]
          }, {
            "db": 0,
            "id": "Athaliana-jaspar2016-ATHB-16-MA0951.1",
            "len": 8,
            "nsites": 45,
            "evalue": "8.1e-020",
            "pwm": [
              [0.0723947, 0.21408, 0.00155211, 0.711973], 
              [0.998337, 0.000554324, 0.000554324, 0.000554324], 
              [0.998337, 0.000554324, 0.000554324, 0.000554324], 
              [0.000554324, 0.000554324, 0.000554324, 0.998337], 
              [0.544346, 0.317849, 0.137251, 0.000554324], 
              [0.998337, 0.000554324, 0.000554324, 0.000554324], 
              [0.000554324, 0.000554324, 0.000554324, 0.998337], 
              [0.0674058, 0.00155211, 0.0674058, 0.863636]
            ]
          }, {
            "db": 0,
            "id": "Athaliana-jaspar2016-ATHB-5-MA0110.1",
            "len": 9,
            "nsites": 45,
            "evalue": "8.1e-020",
            "pwm": [
              [0.0814556, 0.512929, 0.243258, 0.162357], 
              [0.0275214, 0.7826, 0.108423, 0.0814556], 
              [0.809567, 0.162357, 0.000554324, 0.0275214], 
              [0.998337, 0.000554324, 0.000554324, 0.000554324], 
              [0.000554324, 0.000554324, 0.000554324, 0.998337], 
              [0.0544885, 0.13539, 0.270225, 0.539896], 
              [0.998337, 0.000554324, 0.000554324, 0.000554324], 
              [0.000554324, 0.000554324, 0.000554324, 0.998337], 
              [0.000554324, 0.000554324, 0.000554324, 0.998337]
            ]
          }, {
            "db": 0,
            "id": "Athaliana-jaspar2016-ATHB-5-MA0110.2",
            "len": 13,
            "nsites": 45,
            "evalue": "8.1e-020",
            "pwm": [
              [0.000554324, 0.299889, 0.399667, 0.299889], 
              [0.117941, 0.264673, 0.499446, 0.117941], 
              [0.0559867, 0.333149, 0.222284, 0.388581], 
              [0.0559867, 0.471729, 0.277716, 0.194568], 
              [0.000554324, 0.819248, 0.102891, 0.0773068], 
              [0.819248, 0.154059, 0.000554324, 0.0261385], 
              [0.998337, 0.000554324, 0.000554324, 0.000554324], 
              [0.000554324, 0.000554324, 0.000554324, 0.998337], 
              [0.0517227, 0.205228, 0.179644, 0.563406], 
              [0.998337, 0.000554324, 0.000554324, 0.000554324], 
              [0.000554324, 0.000554324, 0.000554324, 0.998337], 
              [0.000554324, 0.000554324, 0.000554324, 0.998337], 
              [0.000554324, 0.000554324, 0.873614, 0.125277]
            ]
          }, {
            "db": 0,
            "id": "Athaliana-jaspar2016-ATHB-51-MA0952.1",
            "len": 8,
            "nsites": 45,
            "evalue": "8.1e-020",
            "pwm": [
              [0.690712, 0.253246, 0.00454945, 0.0514922], 
              [0.982388, 0.00553825, 0.00454147, 0.00753183], 
              [0.00255189, 0.00854458, 0.00155311, 0.98735], 
              [0.410643, 0.00654102, 0.00354767, 0.579268], 
              [0.988359, 0.00254989, 0.00554324, 0.00354767], 
              [0.0105322, 0.00254989, 0.00454545, 0.982373], 
              [0.00554324, 0.0185144, 0.0125277, 0.963415], 
              [0.105322, 0.0185144, 0.775831, 0.100333]
            ]
          }, {
            "db": 0,
            "id": "Athaliana-jaspar2016-ATHB-6-MA0953.1",
            "len": 9,
            "nsites": 45,
            "evalue": "8.1e-020",
            "pwm": [
              [0.177162, 0.251996, 0.286918, 0.283925], 
              [0.149075, 0.52287, 0.0852811, 0.242773], 
              [0.744647, 0.0894459, 0.0734654, 0.0924422], 
              [0.88459, 0.0713969, 0.00155211, 0.0424612], 
              [0.02053, 0.00654701, 0.00155311, 0.97137], 
              [0.355765, 0.309867, 0.128271, 0.206098], 
              [0.923428, 0.00554823, 0.038508, 0.0325153], 
              [0.106319, 0.066408, 0.130266, 0.697007], 
              [0.234035, 0.111308, 0.265965, 0.388692]
            ]
          }, {
            "db": 0,
            "id": "Athaliana-jaspar2016-ATHB-7-MA0954.1",
            "len": 10,
            "nsites": 45,
            "evalue": "8.1e-020",
            "pwm": [
              [0.152217, 0.337805, 0.152217, 0.357761], 
              [0.0274945, 0.826718, 0.0274945, 0.118293], 
              [0.998337, 0.000554324, 0.000554324, 0.000554324], 
              [0.998337, 0.000554324, 0.000554324, 0.000554324], 
              [0.000554324, 0.000554324, 0.000554324, 0.998337], 
              [0.000554324, 0.998337, 0.000554324, 0.000554324], 
              [0.998337, 0.000554324, 0.000554324, 0.000554324], 
              [0.290909, 0.000554324, 0.000554324, 0.707982], 
              [0.183331, 0.0984349, 0.190323, 0.527911], 
              [0.223283, 0.223283, 0.330152, 0.223283]
            ]
          }, {
            "db": 0,
            "id": "Athaliana-jaspar2016-ATHB-9-MA0573.1",
            "len": 19,
            "nsites": 45,
            "evalue": "8.1e-020",
            "pwm": [
              [0.444013, 0.222284, 0.111419, 0.222284], 
              [0.356905, 0.214365, 0.214365, 0.214365], 
              [0.312361, 0.25, 0.125277, 0.312361], 
              [0.166851, 0.444013, 0.111419, 0.277716], 
              [0.000554324, 0.0389306, 0.959961, 0.000554324], 
              [0.000554324, 0.230812, 0.000554324, 0.768079], 
              [0.959961, 0.000554324, 0.0389306, 0.000554324], 
              [0.998337, 0.000554324, 0.000554324, 0.000554324], 
              [0.000554324, 0.000554324, 0.000554324, 0.998337], 
              [0.000554324, 0.000554324, 0.998337, 0.000554324], 
              [0.998337, 0.000554324, 0.000554324, 0.000554324], 
              [0.000554324, 0.000554324, 0.000554324, 0.998337], 
              [0.000554324, 0.000554324, 0.115683, 0.883208], 
              [0.652951, 0.000554324, 0.345941, 0.000554324], 
              [0.000554324, 0.959961, 0.0389306, 0.000554324], 
              [0.29402, 0.0592474, 0.235327, 0.411406], 
              [0.166851, 0.499446, 0.000554324, 0.333149], 
              [0.000554324, 0.299889, 0.399667, 0.299889], 
              [0.000554324, 0.624169, 0.374723, 0.000554324]
            ]
          }, {
            "db": 0,
            "id": "Athaliana-jaspar2016-BEE2-MA0956.1",
            "len": 10,
            "nsites": 45,
            "evalue": "8.1e-020",
            "pwm": [
              [0.255987, 0.252993, 0.236031, 0.254989], 
              [0.211086, 0.229047, 0.341796, 0.218071], 
              [0.136253, 0.720953, 0.0384701, 0.104324], 
              [0.891574, 0.000554324, 0.0334812, 0.0743902], 
              [0.0235033, 0.818736, 0.000554324, 0.157206], 
              [0.157206, 0.000554324, 0.818736, 0.0235033], 
              [0.0743902, 0.0334812, 0.000554324, 0.891574], 
              [0.104324, 0.0384701, 0.720953, 0.136253], 
              [0.218071, 0.341796, 0.229047, 0.211086], 
              [0.254989, 0.236031, 0.252993, 0.255987]
            ]
          }, {
            "db": 0,
            "id": "Athaliana-jaspar2016-BHLH104-MA0960.1",
            "len": 10,
            "nsites": 45,
            "evalue": "8.1e-020",
            "pwm": [
              [0.130266, 0.0264967, 0.820732, 0.0225055], 
              [0.0155211, 0.0743902, 0.864634, 0.0454545], 
              [0.00654102, 0.99235, 0.000554324, 0.000554324], 
              [0.994346, 0.000554324, 0.00454545, 0.000554324], 
              [0.000554324, 0.997339, 0.000554324, 0.00155211], 
              [0.00155211, 0.000554324, 0.997339, 0.000554324], 
              [0.000554324, 0.00454545, 0.000554324, 0.994346], 
              [0.000554324, 0.000554324, 0.99235, 0.00654102], 
              [0.0454545, 0.864634, 0.0743902, 0.0155211], 
              [0.0225055, 0.820732, 0.0264967, 0.130266]
            ]
          }, {
            "db": 0,
            "id": "Athaliana-jaspar2016-BHLH13-MA0958.1",
            "len": 8,
            "nsites": 45,
            "evalue": "8.1e-020",
            "pwm": [
              [0.2949, 0.116297, 0.568293, 0.02051], 
              [0.0534368, 0.943459, 0.00155211, 0.00155211], 
              [0.989366, 0.0025479, 0.00354468, 0.00454147], 
              [0.00155211, 0.950443, 0.00155211, 0.0464523], 
              [0.015536, 0.00155311, 0.981358, 0.00155311], 
              [0.00454545, 0.00454545, 0.00155211, 0.989357], 
              [0.00155211, 0.00254989, 0.985366, 0.0105322], 
              [0.0384701, 0.695011, 0.0654102, 0.201109]
            ]
          }, {
            "db": 0,
            "id": "Athaliana-jaspar2016-BHLH3-MA0957.1",
            "len": 8,
            "nsites": 45,
            "evalue": "8.1e-020",
            "pwm": [
              [0.25824, 0.0944398, 0.60282, 0.0445007], 
              [0.0454545, 0.928492, 0.0145233, 0.0115299], 
              [0.949397, 0.00754579, 0.02053, 0.0225275], 
              [0.0105222, 0.934543, 0.0125158, 0.0424193], 
              [0.0424193, 0.0125158, 0.934543, 0.0105222], 
              [0.0225275, 0.02053, 0.00754579, 0.949397], 
              [0.0115299, 0.0145233, 0.928492, 0.0454545], 
              [0.0445007, 0.60282, 0.0944398, 0.25824]
            ]
          }, {
            "db": 0,
            "id": "Athaliana-jaspar2016-BHLH34-MA0962.1",
            "len": 8,
            "nsites": 45,
            "evalue": "8.1e-020",
            "pwm": [
              [0.154213, 0.0394678, 0.652106, 0.154213], 
              [0.000554324, 0.998337, 0.000554324, 0.000554324], 
              [0.725942, 0.000554324, 0.242018, 0.0314856], 
              [0.000554324, 0.846674, 0.000554324, 0.152217], 
              [0.000554324, 0.000554324, 0.998337, 0.000554324], 
              [0.000554324, 0.000554324, 0.000554324, 0.998337], 
              [0.000554324, 0.000554324, 0.998337, 0.000554324], 
              [0.0962458, 0.143095, 0.475024, 0.285635]
            ]
          }, {
            "db": 0,
            "id": "Athaliana-jaspar2016-BHLH78-MA0963.1",
            "len": 8,
            "nsites": 45,
            "evalue": "8.1e-020",
            "pwm": [
              [0.0105222, 0.0105222, 0.968433, 0.0105222], 
              [0.0105222, 0.968433, 0.0105222, 0.0105222], 
              [0.968433, 0.0105222, 0.0105222, 0.0105222], 
              [0.0105222, 0.968433, 0.0105222, 0.0105222], 
              [0.0105222, 0.0105222, 0.968433, 0.0105222], 
              [0.0105222, 0.0105222, 0.0105222, 0.968433], 
              [0.0105222, 0.0105222, 0.968433, 0.0105222], 
              [0.0105222, 0.968433, 0.0105222, 0.0105222]
            ]
          }, {
            "db": 0,
            "id": "Athaliana-jaspar2016-BIM1-MA0964.1",
            "len": 10,
            "nsites": 45,
            "evalue": "8.1e-020",
            "pwm": [
              [0.219069, 0.25, 0.280931, 0.25], 
              [0.126275, 0.654102, 0.10133, 0.118293], 
              [0.581845, 0.101431, 0.18433, 0.132393], 
              [0.0594235, 0.764856, 0.0235033, 0.152217], 
              [0.140244, 0.0624169, 0.793792, 0.00354767], 
              [0.00155211, 0.0235033, 0.000554324, 0.97439], 
              [0.00354468, 0.0025479, 0.987372, 0.00653504], 
              [0.374723, 0.300887, 0.148226, 0.176164], 
              [0.147082, 0.343449, 0.241777, 0.267693], 
              [0.256728, 0.261712, 0.256728, 0.224831]
            ]
          }, {
            "db": 0,
            "id": "Athaliana-jaspar2016-BIM2-MA0965.1",
            "len": 10,
            "nsites": 45,
            "evalue": "8.1e-020",
            "pwm": [
              [0.244013, 0.260976, 0.289911, 0.2051], 
              [0.167184, 0.143237, 0.372727, 0.316851], 
              [0.0534368, 0.895565, 0.00155211, 0.0494457], 
              [0.960421, 0.000554324, 0.0245011, 0.0145233], 
              [0.0225275, 0.884476, 0.000554324, 0.0924422], 
              [0.0924422, 0.000554324, 0.884476, 0.0225275], 
              [0.0145233, 0.0245011, 0.000554324, 0.960421], 
              [0.0494457, 0.00155211, 0.895565, 0.0534368], 
              [0.316851, 0.372727, 0.143237, 0.167184], 
              [0.2051, 0.289911, 0.260976, 0.244013]
            ]
          }, {
            "db": 0,
            "id": "Athaliana-jaspar2016-BIM3-MA0966.1",
            "len": 10,
            "nsites": 45,
            "evalue": "8.1e-020",
            "pwm": [
              [0.293902, 0.203104, 0.269956, 0.233038], 
              [0.159202, 0.165188, 0.432594, 0.243016], 
              [0.0744642, 0.820554, 0.00854458, 0.0964373], 
              [0.940466, 0.000554324, 0.0254989, 0.0334812], 
              [0.0155211, 0.916519, 0.000554324, 0.0674058], 
              [0.0674058, 0.000554324, 0.916519, 0.0155211], 
              [0.0334812, 0.0254989, 0.000554324, 0.940466], 
              [0.0964373, 0.00854458, 0.820554, 0.0744642], 
              [0.243016, 0.432594, 0.165188, 0.159202], 
